      S          PHI         IOTA        SHEAR        VP         WELL        ITOR       ITOR'       PRES       PRES'
------------------------------------------------------------------------------------------------------------------------
  1.0000E-02  1.2000E-03 -1.2398E+00  8.6840E-02  3.0387E-01 -4.3900E-03  3.7467E-18 -7.9212E-13  0.0000E+00  0.0000E+00
  2.0000E-02  2.4000E-03 -1.2398E+00 -1.9425E-01  3.0387E-01 -4.0754E-03 -1.5719E-16 -9.0606E-14  0.0000E+00  0.0000E+00
  3.0000E-02  3.6000E-03 -1.2399E+00 -2.2269E-01  3.0388E-01 -3.8969E-03 -1.6383E-16  5.4176E-14  0.0000E+00  0.0000E+00
  4.0000E-02  4.8000E-03 -1.2400E+00 -2.2274E-01  3.0388E-01 -3.7766E-03  6.3354E-17  1.1919E-12  0.0000E+00  0.0000E+00
  5.0000E-02  6.0000E-03 -1.2401E+00 -2.2056E-01  3.0389E-01 -3.6919E-03  1.3011E-16 -8.2569E-13  0.0000E+00  0.0000E+00
  6.0000E-02  7.2000E-03 -1.2402E+00 -2.0907E-01  3.0389E-01 -3.6311E-03  2.6772E-16  1.5804E-12  0.0000E+00  0.0000E+00
  7.0000E-02  8.4000E-03 -1.2402E+00 -2.0106E-01  3.0390E-01 -3.5886E-03  1.8189E-16 -2.0511E-12  0.0000E+00  0.0000E+00
  8.0000E-02  9.6000E-03 -1.2403E+00 -1.9032E-01  3.0390E-01 -3.5592E-03 -5.5179E-17  7.5094E-13  0.0000E+00  0.0000E+00
  9.0000E-02  1.0800E-02 -1.2404E+00 -1.8273E-01  3.0390E-01 -3.5423E-03  5.3135E-17 -1.5691E-13  0.0000E+00  0.0000E+00
  1.0000E-01  1.2000E-02 -1.2404E+00 -1.7387E-01  3.0391E-01 -3.5344E-03  1.4919E-16  6.8367E-13  0.0000E+00  0.0000E+00
  1.1000E-01  1.3200E-02 -1.2405E+00 -1.6714E-01  3.0391E-01 -3.5353E-03  9.5371E-18 -1.4495E-12  0.0000E+00  0.0000E+00
  1.2000E-01  1.4400E-02 -1.2406E+00 -1.5968E-01  3.0392E-01 -3.5417E-03 -2.3979E-16  8.2188E-14  0.0000E+00  0.0000E+00
  1.3000E-01  1.5600E-02 -1.2406E+00 -1.5383E-01  3.0392E-01 -3.5520E-03 -4.0737E-16 -1.0012E-12  0.0000E+00  0.0000E+00
  1.4000E-01  1.6800E-02 -1.2407E+00 -1.4768E-01  3.0393E-01 -3.5647E-03 -9.1284E-17  2.7345E-12  0.0000E+00  0.0000E+00
  1.5000E-01  1.8000E-02 -1.2407E+00 -1.4250E-01  3.0393E-01 -3.5777E-03  1.8189E-16 -1.2365E-12  0.0000E+00  0.0000E+00
  1.6000E-01  1.9200E-02 -1.2408E+00 -1.3739E-01  3.0393E-01 -3.5916E-03 -1.8461E-16 -7.7327E-13  0.0000E+00  0.0000E+00
  1.7000E-01  2.0400E-02 -1.2408E+00 -1.3281E-01  3.0394E-01 -3.6035E-03 -2.5478E-16  3.8850E-13  0.0000E+00  0.0000E+00
  1.8000E-01  2.1600E-02 -1.2409E+00 -1.2829E-01  3.0394E-01 -3.6158E-03  4.2917E-17  1.2439E-12  0.0000E+00  0.0000E+00
  1.9000E-01  2.2800E-02 -1.2409E+00 -1.2405E-01  3.0395E-01 -3.6247E-03  1.7848E-16 -5.0055E-13  0.0000E+00  0.0000E+00
  2.0000E-01  2.4000E-02 -1.2410E+00 -1.2002E-01  3.0395E-01 -3.6343E-03 -2.0437E-17 -5.9019E-13  0.0000E+00  0.0000E+00
  2.1000E-01  2.5200E-02 -1.2410E+00 -1.1590E-01  3.0396E-01 -3.6395E-03 -9.8096E-17  1.6435E-13  0.0000E+00  0.0000E+00
  2.2000E-01  2.6400E-02 -1.2410E+00 -1.1222E-01  3.0396E-01 -3.6464E-03 -1.3624E-17  2.9882E-13  0.0000E+00  0.0000E+00
  2.3000E-01  2.7600E-02 -1.2411E+00 -1.0834E-01  3.0396E-01 -3.6487E-03  2.7930E-17 -7.0969E-14  0.0000E+00  0.0000E+00
  2.4000E-01  2.8800E-02 -1.2411E+00 -1.0501E-01  3.0397E-01 -3.6534E-03  2.9293E-17  7.8438E-14  0.0000E+00  0.0000E+00
  2.5000E-01  3.0000E-02 -1.2412E+00 -1.0131E-01  3.0397E-01 -3.6532E-03  1.0627E-16  3.4363E-13  0.0000E+00  0.0000E+00
  2.6000E-01  3.1200E-02 -1.2412E+00 -9.8262E-02  3.0398E-01 -3.6560E-03  1.9211E-16  1.2699E-13  0.0000E+00  0.0000E+00
  2.7000E-01  3.2400E-02 -1.2412E+00 -9.4855E-02  3.0398E-01 -3.6544E-03  4.2100E-16  1.1280E-12  0.0000E+00  0.0000E+00
  2.8000E-01  3.3600E-02 -1.2413E+00 -9.1793E-02  3.0399E-01 -3.6554E-03  1.1308E-16 -2.8162E-12  0.0000E+00  0.0000E+00
  2.9000E-01  3.4800E-02 -1.2413E+00 -8.8606E-02  3.0399E-01 -3.6535E-03 -2.4524E-17  2.0617E-12  0.0000E+00  0.0000E+00
  3.0000E-01  3.6000E-02 -1.2413E+00 -8.5512E-02  3.0400E-01 -3.6538E-03  2.8203E-16 -3.8095E-13  0.0000E+00  0.0000E+00
  3.1000E-01  3.7200E-02 -1.2414E+00 -8.2500E-02  3.0400E-01 -3.6516E-03  2.8066E-16  3.7348E-13  0.0000E+00  0.0000E+00
  3.2000E-01  3.8400E-02 -1.2414E+00 -7.9384E-02  3.0400E-01 -3.6513E-03  1.7712E-16 -9.4115E-13  0.0000E+00  0.0000E+00
  3.3000E-01  3.9600E-02 -1.2414E+00 -7.6582E-02  3.0401E-01 -3.6491E-03  8.1747E-17  4.1828E-13  0.0000E+00  0.0000E+00
  3.4000E-01  4.0800E-02 -1.2414E+00 -7.3555E-02  3.0401E-01 -3.6481E-03  8.3109E-17 -4.1081E-13  0.0000E+00  0.0000E+00
  3.5000E-01  4.2000E-02 -1.2415E+00 -7.0860E-02  3.0402E-01 -3.6463E-03  5.3135E-17  2.4648E-13  0.0000E+00  0.0000E+00
  3.6000E-01  4.3200E-02 -1.2415E+00 -6.7970E-02  3.0402E-01 -3.6452E-03  1.0900E-17 -4.7802E-13  0.0000E+00  0.0000E+00
  3.7000E-01  4.4400E-02 -1.2415E+00 -6.5461E-02  3.0403E-01 -3.6439E-03 -2.0300E-16 -6.9461E-13  0.0000E+00  0.0000E+00
  3.8000E-01  4.5600E-02 -1.2415E+00 -6.2637E-02  3.0403E-01 -3.6429E-03  1.6349E-17  1.8971E-12  0.0000E+00  0.0000E+00
  3.9000E-01  4.6800E-02 -1.2416E+00 -6.0233E-02  3.0403E-01 -3.6423E-03  1.1990E-16 -1.3294E-12  0.0000E+00  0.0000E+00
  4.0000E-01  4.8000E-02 -1.2416E+00 -5.7531E-02  3.0404E-01 -3.6412E-03 -5.9948E-17  3.4356E-13  0.0000E+00  0.0000E+00
  4.1000E-01  4.9200E-02 -1.2416E+00 -5.5341E-02  3.0404E-01 -3.6414E-03 -1.3216E-16 -7.3938E-13  0.0000E+00  0.0000E+00
  4.2000E-01  5.0400E-02 -1.2416E+00 -5.2738E-02  3.0405E-01 -3.6403E-03 -2.1935E-16  2.6139E-13  0.0000E+00  0.0000E+00
  4.3000E-01  5.1600E-02 -1.2416E+00 -5.0716E-02  3.0405E-01 -3.6408E-03 -1.0627E-16  3.5848E-13  0.0000E+00  0.0000E+00
  4.4000E-01  5.2800E-02 -1.2417E+00 -4.8257E-02  3.0406E-01 -3.6398E-03  3.9784E-16  2.4048E-12  0.0000E+00  0.0000E+00
  4.5000E-01  5.4000E-02 -1.2417E+00 -4.6435E-02  3.0406E-01 -3.6410E-03  6.1719E-16 -1.2024E-12  0.0000E+00  0.0000E+00
  4.6000E-01  5.5200E-02 -1.2417E+00 -4.4153E-02  3.0407E-01 -3.6398E-03  8.5971E-16  2.5316E-12  0.0000E+00  0.0000E+00
  4.7000E-01  5.6400E-02 -1.2417E+00 -4.2499E-02  3.0407E-01 -3.6415E-03  4.9457E-16 -4.5330E-12  0.0000E+00  0.0000E+00
  4.8000E-01  5.7600E-02 -1.2417E+00 -4.0329E-02  3.0407E-01 -3.6401E-03  2.1799E-17  1.9416E-12  0.0000E+00  0.0000E+00
  4.9000E-01  5.8800E-02 -1.2417E+00 -3.8903E-02  3.0408E-01 -3.6423E-03  9.5371E-18 -2.0088E-12  0.0000E+00  0.0000E+00
  5.0000E-01  6.0000E-02 -1.2418E+00 -3.6927E-02  3.0408E-01 -3.6410E-03  2.0437E-17  2.0685E-12  0.0000E+00  0.0000E+00
  5.1000E-01  6.1200E-02 -1.2418E+00 -3.5634E-02  3.0409E-01 -3.6434E-03  4.7549E-16  4.2564E-13  0.0000E+00  0.0000E+00
  5.2000E-01  6.2400E-02 -1.2418E+00 -3.3845E-02  3.0409E-01 -3.6422E-03  4.7141E-16 -4.4804E-13  0.0000E+00  0.0000E+00
  5.3000E-01  6.3600E-02 -1.2418E+00 -3.2700E-02  3.0410E-01 -3.6445E-03  2.9974E-16 -4.9284E-13  0.0000E+00  0.0000E+00
  5.4000E-01  6.4800E-02 -1.2418E+00 -3.1124E-02  3.0410E-01 -3.6439E-03  1.1581E-16 -5.1523E-13  0.0000E+00  0.0000E+00
  5.5000E-01  6.6000E-02 -1.2418E+00 -3.0110E-02  3.0410E-01 -3.6459E-03 -3.1881E-16 -1.8667E-12  0.0000E+00  0.0000E+00
  5.6000E-01  6.7200E-02 -1.2418E+00 -2.8713E-02  3.0411E-01 -3.6456E-03 -2.0573E-16  2.4865E-12  0.0000E+00  0.0000E+00
  5.7000E-01  6.8400E-02 -1.2418E+00 -2.7818E-02  3.0411E-01 -3.6474E-03  1.2671E-16 -6.6454E-13  0.0000E+00  0.0000E+00
  5.8000E-01  6.9600E-02 -1.2419E+00 -2.6612E-02  3.0412E-01 -3.6475E-03  1.0491E-16  5.4507E-13  0.0000E+00  0.0000E+00
  5.9000E-01  7.0800E-02 -1.2419E+00 -2.5811E-02  3.0412E-01 -3.6490E-03  3.3516E-16  7.1679E-13  0.0000E+00  0.0000E+00
  6.0000E-01  7.2000E-02 -1.2419E+00 -2.4775E-02  3.0413E-01 -3.6496E-03  6.4716E-16  9.9304E-13  0.0000E+00  0.0000E+00
  6.1000E-01  7.3200E-02 -1.2419E+00 -2.4076E-02  3.0413E-01 -3.6508E-03  5.9267E-16 -1.2917E-12  0.0000E+00  0.0000E+00
  6.2000E-01  7.4400E-02 -1.2419E+00 -2.3208E-02  3.0414E-01 -3.6516E-03 -1.9211E-16 -3.0089E-12  0.0000E+00  0.0000E+00
  6.3000E-01  7.5600E-02 -1.2419E+00 -2.2590E-02  3.0414E-01 -3.6527E-03 -2.7930E-16  2.5310E-12  0.0000E+00  0.0000E+00
  6.4000E-01  7.6800E-02 -1.2419E+00 -2.1848E-02  3.0414E-01 -3.6537E-03  4.9048E-17 -7.3167E-13  0.0000E+00  0.0000E+00
  6.5000E-01  7.8000E-02 -1.2419E+00 -2.1290E-02  3.0415E-01 -3.6545E-03 -1.6894E-16 -4.6289E-13  0.0000E+00  0.0000E+00
  6.6000E-01  7.9200E-02 -1.2419E+00 -2.0666E-02  3.0415E-01 -3.6559E-03 -3.1200E-16 -3.2103E-13  0.0000E+00  0.0000E+00
  6.7000E-01  8.0400E-02 -1.2419E+00 -2.0163E-02  3.0416E-01 -3.6564E-03 -5.7359E-16 -1.1124E-12  0.0000E+00  0.0000E+00
  6.8000E-01  8.1600E-02 -1.2419E+00 -1.9660E-02  3.0416E-01 -3.6580E-03 -1.8393E-16  3.2475E-12  0.0000E+00  0.0000E+00
  6.9000E-01  8.2800E-02 -1.2419E+00 -1.9218E-02  3.0417E-01 -3.6584E-03 -2.6568E-16 -3.6954E-12  0.0000E+00  0.0000E+00
  7.0000E-01  8.4000E-02 -1.2419E+00 -1.8836E-02  3.0417E-01 -3.6601E-03 -1.2535E-16  4.4643E-12  0.0000E+00  0.0000E+00
  7.1000E-01  8.5200E-02 -1.2420E+00 -1.8443E-02  3.0417E-01 -3.6603E-03  6.9212E-16  1.4931E-14  0.0000E+00  0.0000E+00
  7.2000E-01  8.6400E-02 -1.2420E+00 -1.8161E-02  3.0418E-01 -3.6623E-03  4.0873E-18 -3.7848E-12  0.0000E+00  0.0000E+00
  7.3000E-01  8.7600E-02 -1.2420E+00 -1.7803E-02  3.0418E-01 -3.6623E-03 -4.4961E-16  1.2989E-12  0.0000E+00  0.0000E+00
  7.4000E-01  8.8800E-02 -1.2420E+00 -1.7613E-02  3.0419E-01 -3.6644E-03 -3.8149E-17  9.5551E-13  0.0000E+00  0.0000E+00
  7.5000E-01  9.0000E-02 -1.2420E+00 -1.7302E-02  3.0419E-01 -3.6642E-03  2.5342E-16  6.4198E-13  0.0000E+00  0.0000E+00
  7.6000E-01  9.1200E-02 -1.2420E+00 -1.7197E-02  3.0420E-01 -3.6665E-03  4.9593E-16  6.8676E-13  0.0000E+00  0.0000E+00
  7.7000E-01  9.2400E-02 -1.2420E+00 -1.6943E-02  3.0420E-01 -3.6665E-03  7.2346E-16  5.5985E-13  0.0000E+00  0.0000E+00
  7.8000E-01  9.3600E-02 -1.2420E+00 -1.6857E-02  3.0421E-01 -3.6684E-03  5.7359E-16 -1.3809E-12  0.0000E+00  0.0000E+00
  7.9000E-01  9.4800E-02 -1.2420E+00 -1.6640E-02  3.0421E-01 -3.6686E-03  1.2943E-16 -1.0525E-12  0.0000E+00  0.0000E+00
  8.0000E-01  9.6000E-02 -1.2420E+00 -1.6582E-02  3.0421E-01 -3.6703E-03 -1.0082E-16 -2.0900E-13  0.0000E+00  0.0000E+00
  8.1000E-01  9.7200E-02 -1.2420E+00 -1.6443E-02  3.0422E-01 -3.6707E-03  3.4742E-16  2.6647E-12  0.0000E+00  0.0000E+00
  8.2000E-01  9.8400E-02 -1.2420E+00 -1.6454E-02  3.0422E-01 -3.6722E-03  5.9267E-16 -1.3211E-12  0.0000E+00  0.0000E+00
  8.3000E-01  9.9600E-02 -1.2420E+00 -1.6359E-02  3.0423E-01 -3.6728E-03  5.1092E-16  8.7329E-13  0.0000E+00  0.0000E+00
  8.4000E-01  1.0080E-01 -1.2420E+00 -1.6372E-02  3.0423E-01 -3.6741E-03  5.1773E-17 -3.3886E-12  0.0000E+00  0.0000E+00
  8.5000E-01  1.0200E-01 -1.2420E+00 -1.6324E-02  3.0424E-01 -3.6747E-03 -1.0450E-15 -2.6198E-12  0.0000E+00  0.0000E+00
  8.6000E-01  1.0320E-01 -1.2420E+00 -1.6344E-02  3.0424E-01 -3.6759E-03 -1.2603E-15  1.4405E-12  0.0000E+00  0.0000E+00
  8.7000E-01  1.0440E-01 -1.2421E+00 -1.6372E-02  3.0425E-01 -3.6768E-03 -2.5069E-16  4.0900E-12  0.0000E+00  0.0000E+00
  8.8000E-01  1.0560E-01 -1.2421E+00 -1.6427E-02  3.0425E-01 -3.6777E-03  3.9102E-16 -5.7468E-13  0.0000E+00  0.0000E+00
  8.9000E-01  1.0680E-01 -1.2421E+00 -1.6560E-02  3.0425E-01 -3.6788E-03 -3.7331E-16 -3.6123E-12  0.0000E+00  0.0000E+00
  9.0000E-01  1.0800E-01 -1.2421E+00 -1.6709E-02  3.0426E-01 -3.6797E-03 -2.6159E-16  4.2242E-12  0.0000E+00  0.0000E+00
  9.1000E-01  1.0920E-01 -1.2421E+00 -1.6973E-02  3.0426E-01 -3.6811E-03 -1.8257E-16 -3.7913E-12  0.0000E+00  0.0000E+00
  9.2000E-01  1.1040E-01 -1.2421E+00 -1.7172E-02  3.0427E-01 -3.6818E-03 -2.6704E-16  3.3285E-12  0.0000E+00  0.0000E+00
  9.3000E-01  1.1160E-01 -1.2421E+00 -1.7520E-02  3.0427E-01 -3.6833E-03  8.6515E-16  2.8732E-12  0.0000E+00  0.0000E+00
  9.4000E-01  1.1280E-01 -1.2421E+00 -1.7884E-02  3.0428E-01 -3.6842E-03  9.5099E-16 -2.4030E-12  0.0000E+00  0.0000E+00
  9.5000E-01  1.1400E-01 -1.2421E+00 -1.8455E-02  3.0428E-01 -3.6877E-03  5.1228E-16  0.0000E+00  0.0000E+00  0.0000E+00
  9.6000E-01  1.1520E-01 -1.2421E+00 -1.8491E-02  3.0429E-01 -3.6856E-03  1.0668E-15  3.0373E-12  0.0000E+00  0.0000E+00
  9.7000E-01  1.1640E-01 -1.2421E+00 -1.9466E-02  3.0429E-01 -3.6880E-03  8.2428E-16 -4.3655E-12  0.0000E+00  0.0000E+00
  9.8000E-01  1.1760E-01 -1.2421E+00 -2.0727E-02  3.0429E-01 -3.6897E-03  3.2835E-16  1.6492E-12  0.0000E+00  0.0000E+00
  9.9000E-01  1.1880E-01 -1.2421E+00 -2.1859E-02  3.0430E-01 -3.6958E-03  4.1146E-16 -1.1940E-12  0.0000E+00  0.0000E+00

      S        DMerc        DShear       DCurr       DWell       Dgeod
----------------------------------------------------------------------------------------------------
  1.0000E-02 -4.2920E+07  1.7408E-04 -8.9429E-01  0.0000E+00 -4.2920E+07
  2.0000E-02 -2.2884E+05  8.7105E-04  1.8694E-01  0.0000E+00 -2.2884E+05
  3.0000E-02 -1.2457E+04  1.1448E-03  4.7815E-02  0.0000E+00 -1.2457E+04
  4.0000E-02 -1.6132E+03  1.1453E-03  1.1460E-02  0.0000E+00 -1.6132E+03
  5.0000E-02 -3.3180E+02  1.1231E-03  1.7489E-04  0.0000E+00 -3.3180E+02
  6.0000E-02 -9.1400E+01  1.0091E-03 -3.8624E-03  0.0000E+00 -9.1397E+01
  7.0000E-02 -3.0924E+01  9.3330E-04 -5.1647E-03  0.0000E+00 -3.0919E+01
  8.0000E-02 -1.2212E+01  8.3630E-04 -5.4663E-03  0.0000E+00 -1.2207E+01
  9.0000E-02 -5.4528E+00  7.7093E-04 -5.3432E-03  0.0000E+00 -5.4482E+00
  1.0000E-01 -2.6949E+00  6.9807E-04 -5.0631E-03  0.0000E+00 -2.6905E+00
  1.1000E-01 -1.4492E+00  6.4506E-04 -4.7144E-03  0.0000E+00 -1.4451E+00
  1.2000E-01 -8.3893E-01  5.8880E-04 -4.3665E-03  0.0000E+00 -8.3515E-01
  1.3000E-01 -5.1825E-01  5.4646E-04 -4.0293E-03  0.0000E+00 -5.1476E-01
  1.4000E-01 -3.3911E-01  5.0362E-04 -3.7240E-03  0.0000E+00 -3.3589E-01
  1.5000E-01 -2.3309E-01  4.6896E-04 -3.4328E-03  0.0000E+00 -2.3012E-01
  1.6000E-01 -1.6748E-01  4.3591E-04 -3.1763E-03  0.0000E+00 -1.6473E-01
  1.7000E-01 -1.2489E-01  4.0738E-04 -2.9303E-03  0.0000E+00 -1.2237E-01
  1.8000E-01 -9.6314E-02  3.8009E-04 -2.7090E-03  0.0000E+00 -9.3985E-02
  1.9000E-01 -7.6499E-02  3.5538E-04 -2.4995E-03  0.0000E+00 -7.4355E-02
  2.0000E-01 -6.2332E-02  3.3270E-04 -2.3123E-03  0.0000E+00 -6.0352E-02
  2.1000E-01 -5.1978E-02  3.1024E-04 -2.1309E-03  0.0000E+00 -5.0158E-02
  2.2000E-01 -4.4193E-02  2.9090E-04 -1.9713E-03  0.0000E+00 -4.2512E-02
  2.3000E-01 -3.8275E-02  2.7113E-04 -1.8171E-03  0.0000E+00 -3.6729E-02
  2.4000E-01 -3.3278E-02  2.5470E-04 -1.6804E-03  0.0000E+00 -3.1852E-02
  2.5000E-01 -2.9218E-02  2.3710E-04 -1.5486E-03  0.0000E+00 -2.7906E-02
  2.6000E-01 -2.5690E-02  2.2305E-04 -1.4331E-03  0.0000E+00 -2.4480E-02
  2.7000E-01 -2.2690E-02  2.0785E-04 -1.3190E-03  0.0000E+00 -2.1578E-02
  2.8000E-01 -2.0388E-02  1.9466E-04 -1.2190E-03  0.0000E+00 -1.9364E-02
  2.9000E-01 -1.8641E-02  1.8138E-04 -1.1188E-03  0.0000E+00 -1.7703E-02
  3.0000E-01 -1.6944E-02  1.6894E-04 -1.0311E-03  0.0000E+00 -1.6081E-02
  3.1000E-01 -1.5449E-02  1.5725E-04 -9.4332E-04  0.0000E+00 -1.4663E-02
  3.2000E-01 -1.4066E-02  1.4560E-04 -8.6669E-04  0.0000E+00 -1.3345E-02
  3.3000E-01 -1.2793E-02  1.3551E-04 -7.9073E-04  0.0000E+00 -1.2138E-02
  3.4000E-01 -1.1693E-02  1.2501E-04 -7.2561E-04  0.0000E+00 -1.1092E-02
  3.5000E-01 -1.0713E-02  1.1602E-04 -6.5914E-04  0.0000E+00 -1.0170E-02
  3.6000E-01 -9.8694E-03  1.0675E-04 -6.0430E-04  0.0000E+00 -9.3718E-03
  3.7000E-01 -9.0931E-03  9.9021E-05 -5.4724E-04  0.0000E+00 -8.6448E-03
  3.8000E-01 -8.3596E-03  9.0664E-05 -5.0068E-04  0.0000E+00 -7.9495E-03
  3.9000E-01 -7.5872E-03  8.3840E-05 -4.5100E-04  0.0000E+00 -7.2200E-03
  4.0000E-01 -6.9767E-03  7.6491E-05 -4.1201E-04  0.0000E+00 -6.6412E-03
  4.1000E-01 -6.4157E-03  7.0780E-05 -3.7047E-04  0.0000E+00 -6.1160E-03
  4.2000E-01 -5.9314E-03  6.4280E-05 -3.3764E-04  0.0000E+00 -5.6580E-03
  4.3000E-01 -5.4872E-03  5.9445E-05 -3.0239E-04  0.0000E+00 -5.2442E-03
  4.4000E-01 -5.0618E-03  5.3822E-05 -2.7544E-04  0.0000E+00 -4.8402E-03
  4.5000E-01 -4.4572E-03  4.9836E-05 -2.4610E-04  0.0000E+00 -4.2610E-03
  4.6000E-01 -3.9933E-03  4.5061E-05 -2.2438E-04  0.0000E+00 -3.8140E-03
  4.7000E-01 -3.6590E-03  4.1750E-05 -1.9988E-04  0.0000E+00 -3.5009E-03
  4.8000E-01 -3.4393E-03  3.7594E-05 -1.8202E-04  0.0000E+00 -3.2949E-03
  4.9000E-01 -3.2572E-03  3.4985E-05 -1.6199E-04  0.0000E+00 -3.1302E-03
  5.0000E-01 -3.1536E-03  3.1521E-05 -1.4801E-04  0.0000E+00 -3.0371E-03
  5.1000E-01 -2.7505E-03  2.9354E-05 -1.3127E-04  0.0000E+00 -2.6486E-03
  5.2000E-01 -2.4253E-03  2.6481E-05 -1.2019E-04  0.0000E+00 -2.3316E-03
  5.3000E-01 -2.1259E-03  2.4721E-05 -1.0666E-04  0.0000E+00 -2.0440E-03
  5.4000E-01 -1.9777E-03  2.2395E-05 -9.7942E-05  0.0000E+00 -1.9021E-03
  5.5000E-01 -1.8902E-03  2.0961E-05 -8.6990E-05  0.0000E+00 -1.8242E-03
  5.6000E-01 -1.9668E-03  1.9062E-05 -8.0168E-05  0.0000E+00 -1.9057E-03
  5.7000E-01 -1.8192E-03  1.7892E-05 -7.1210E-05  0.0000E+00 -1.7658E-03
  5.8000E-01 -1.6344E-03  1.6375E-05 -6.6009E-05  0.0000E+00 -1.5848E-03
  5.9000E-01 -1.3921E-03  1.5404E-05 -5.8677E-05  0.0000E+00 -1.3488E-03
  6.0000E-01 -1.2374E-03  1.4193E-05 -5.4701E-05  0.0000E+00 -1.1969E-03
  6.1000E-01 -1.1673E-03  1.3404E-05 -4.8716E-05  0.0000E+00 -1.1320E-03
  6.2000E-01 -1.2498E-03  1.2455E-05 -4.5810E-05  0.0000E+00 -1.2165E-03
  6.3000E-01 -1.2947E-03  1.1801E-05 -4.0834E-05  0.0000E+00 -1.2657E-03
  6.4000E-01 -1.2193E-03  1.1039E-05 -3.8606E-05  0.0000E+00 -1.1917E-03
  6.5000E-01 -1.0701E-03  1.0482E-05 -3.4492E-05  0.0000E+00 -1.0461E-03
  6.6000E-01 -8.8091E-04  9.8775E-06 -3.2821E-05  0.0000E+00 -8.5797E-04
  6.7000E-01 -8.6449E-04  9.4027E-06 -2.9340E-05  0.0000E+00 -8.4456E-04
  6.8000E-01 -8.4102E-04  8.9399E-06 -2.8201E-05  0.0000E+00 -8.2176E-04
  6.9000E-01 -9.5103E-04  8.5423E-06 -2.5283E-05  0.0000E+00 -9.3429E-04
  7.0000E-01 -9.1682E-04  8.2066E-06 -2.4511E-05  0.0000E+00 -9.0052E-04
  7.1000E-01 -8.8984E-04  7.8677E-06 -2.2093E-05  0.0000E+00 -8.7562E-04
  7.2000E-01 -7.2932E-04  7.6291E-06 -2.1630E-05  0.0000E+00 -7.1532E-04
  7.3000E-01 -7.0088E-04  7.3317E-06 -1.9533E-05  0.0000E+00 -6.8868E-04
  7.4000E-01 -6.6171E-04  7.1760E-06 -1.9342E-05  0.0000E+00 -6.4954E-04
  7.5000E-01 -7.1711E-04  6.9252E-06 -1.7561E-05  0.0000E+00 -7.0648E-04
  7.6000E-01 -7.0348E-04  6.8418E-06 -1.7566E-05  0.0000E+00 -6.9276E-04
  7.7000E-01 -7.3666E-04  6.6413E-06 -1.6020E-05  0.0000E+00 -7.2729E-04
  7.8000E-01 -6.3942E-04  6.5740E-06 -1.6179E-05  0.0000E+00 -6.2981E-04
  7.9000E-01 -6.1993E-04  6.4064E-06 -1.4709E-05  0.0000E+00 -6.1163E-04
  8.0000E-01 -5.8242E-04  6.3613E-06 -1.5060E-05  0.0000E+00 -5.7372E-04
  8.1000E-01 -5.9461E-04  6.2558E-06 -1.3751E-05  0.0000E+00 -5.8711E-04
  8.2000E-01 -5.7810E-04  6.2642E-06 -1.4327E-05  0.0000E+00 -5.7004E-04
  8.3000E-01 -6.0641E-04  6.1922E-06 -1.3109E-05  0.0000E+00 -5.9949E-04
  8.4000E-01 -5.7163E-04  6.2021E-06 -1.3761E-05  0.0000E+00 -5.6407E-04
  8.5000E-01 -5.5144E-04  6.1665E-06 -1.2616E-05  0.0000E+00 -5.4499E-04
  8.6000E-01 -5.4371E-04  6.1818E-06 -1.3388E-05  0.0000E+00 -5.3651E-04
  8.7000E-01 -5.4879E-04  6.2027E-06 -1.2352E-05  0.0000E+00 -5.4264E-04
  8.8000E-01 -5.2528E-04  6.2449E-06 -1.3262E-05  0.0000E+00 -5.1827E-04
  8.9000E-01 -5.0722E-04  6.3463E-06 -1.2445E-05  0.0000E+00 -5.0112E-04
  9.0000E-01 -5.2034E-04  6.4612E-06 -1.3629E-05  0.0000E+00 -5.1317E-04
  9.1000E-01 -4.8717E-04  6.6671E-06 -1.3065E-05  0.0000E+00 -4.8077E-04
  9.2000E-01 -4.6136E-04  6.8252E-06 -1.4498E-05  0.0000E+00 -4.5369E-04
  9.3000E-01 -4.2350E-04  7.1044E-06 -1.4122E-05  0.0000E+00 -4.1649E-04
  9.4000E-01 -4.1238E-04  7.4032E-06 -1.6033E-05  0.0000E+00 -4.0375E-04
  9.5000E-01 -4.0971E-04  7.8835E-06 -1.6160E-05  0.0000E+00 -4.0143E-04
  9.6000E-01 -4.1571E-04  7.9143E-06 -1.7215E-05  0.0000E+00 -4.0641E-04
  9.7000E-01 -3.9865E-04  8.7713E-06 -1.9055E-05  0.0000E+00 -3.8837E-04
  9.8000E-01 -4.6633E-04  9.9450E-06 -2.2975E-05  0.0000E+00 -4.5331E-04
  9.9000E-01 -3.2090E-04  1.1061E-05 -2.6302E-05  0.0000E+00 -3.0566E-04
