      S          PHI         IOTA        SHEAR        VP         WELL        ITOR       ITOR'       PRES       PRES'
------------------------------------------------------------------------------------------------------------------------
  1.0000E-02  1.0000E-02 -1.2381E+00 -7.7044E-02  3.0389E-01 -5.1383E-03 -9.3668E-17 -6.5009E-15  0.0000E+00  0.0000E+00
  2.0000E-02  2.0000E-02 -1.2386E+00 -2.6253E-01  3.0394E-01 -4.1951E-03 -1.9074E-16 -5.7378E-14  0.0000E+00  0.0000E+00
  3.0000E-02  3.0000E-02 -1.2394E+00 -2.4122E-01  3.0398E-01 -3.8219E-03  2.9020E-16  3.7381E-13  0.0000E+00  0.0000E+00
  4.0000E-02  4.0000E-02 -1.2400E+00 -2.0052E-01  3.0401E-01 -3.6453E-03  4.8639E-16 -2.4469E-13  0.0000E+00  0.0000E+00
  5.0000E-02  5.0000E-02 -1.2406E+00 -1.5931E-01  3.0405E-01 -3.5818E-03  3.4606E-16  1.5235E-13  0.0000E+00  0.0000E+00
  6.0000E-02  6.0000E-02 -1.2410E+00 -1.2403E-01  3.0408E-01 -3.5794E-03  6.4580E-16  4.4805E-14  0.0000E+00  0.0000E+00
  7.0000E-02  7.0000E-02 -1.2414E+00 -9.5222E-02  3.0412E-01 -3.6024E-03  1.9074E-17 -4.5696E-13  0.0000E+00  0.0000E+00
  8.0000E-02  8.0000E-02 -1.2416E+00 -7.2963E-02  3.0416E-01 -3.6317E-03 -1.4987E-16  3.4581E-13  0.0000E+00  0.0000E+00
  9.0000E-02  9.0000E-02 -1.2418E+00 -5.5650E-02  3.0419E-01 -3.6595E-03  2.0028E-16 -1.1556E-13  0.0000E+00  0.0000E+00
  1.0000E-01  1.0000E-01 -1.2420E+00 -4.2740E-02  3.0423E-01 -3.6827E-03 -6.6079E-16 -4.5052E-13  0.0000E+00  0.0000E+00
  1.1000E-01  1.1000E-01 -1.2421E+00 -3.2862E-02  3.0427E-01 -3.7015E-03 -3.8149E-16  6.3406E-13  0.0000E+00  0.0000E+00
  1.2000E-01  1.2000E-01 -1.2422E+00 -2.5747E-02  3.0430E-01 -3.7166E-03 -1.3624E-17 -3.9221E-13  0.0000E+00  0.0000E+00
  1.3000E-01  1.3000E-01 -1.2422E+00 -2.0384E-02  3.0434E-01 -3.7289E-03 -4.6596E-16  9.4906E-14  0.0000E+00  0.0000E+00
  1.4000E-01  1.4000E-01 -1.2423E+00 -1.6713E-02  3.0438E-01 -3.7397E-03 -3.9102E-16 -4.5657E-14  0.0000E+00  0.0000E+00
  1.5000E-01  1.5000E-01 -1.2423E+00 -1.4097E-02  3.0442E-01 -3.7496E-03  4.5915E-16  6.0421E-13  0.0000E+00  0.0000E+00
  1.6000E-01  1.6000E-01 -1.2424E+00 -1.2462E-02  3.0445E-01 -3.7598E-03  1.2971E-15 -5.3701E-14  0.0000E+00  0.0000E+00
  1.7000E-01  1.7000E-01 -1.2424E+00 -1.1351E-02  3.0449E-01 -3.7702E-03  1.0055E-15 -1.3781E-13  0.0000E+00  0.0000E+00
  1.8000E-01  1.8000E-01 -1.2424E+00 -1.0773E-02  3.0453E-01 -3.7813E-03  5.8858E-16 -1.3601E-13  0.0000E+00  0.0000E+00
  1.9000E-01  1.9000E-01 -1.2425E+00 -1.0339E-02  3.0457E-01 -3.7926E-03  5.4770E-16  1.0915E-13  0.0000E+00  0.0000E+00
  2.0000E-01  2.0000E-01 -1.2425E+00 -1.0185E-02  3.0461E-01 -3.8043E-03  7.8205E-16  4.4728E-14  0.0000E+00  0.0000E+00
  2.1000E-01  2.1000E-01 -1.2425E+00 -1.0023E-02  3.0464E-01 -3.8160E-03  1.4960E-15  4.2397E-13  0.0000E+00  0.0000E+00
  2.2000E-01  2.2000E-01 -1.2426E+00 -1.0036E-02  3.0468E-01 -3.8279E-03  8.8014E-16 -8.2816E-13  0.0000E+00  0.0000E+00
  2.3000E-01  2.3000E-01 -1.2426E+00 -9.9990E-03  3.0472E-01 -3.8396E-03  5.0956E-16  5.8483E-13  0.0000E+00  0.0000E+00
  2.4000E-01  2.4000E-01 -1.2426E+00 -1.0102E-02  3.0476E-01 -3.8514E-03  9.4009E-16 -3.0221E-13  0.0000E+00  0.0000E+00
  2.5000E-01  2.5000E-01 -1.2427E+00 -1.0126E-02  3.0480E-01 -3.8628E-03  1.0327E-15  3.6297E-13  0.0000E+00  0.0000E+00
  2.6000E-01  2.6000E-01 -1.2427E+00 -1.0268E-02  3.0484E-01 -3.8743E-03  4.3326E-16 -7.5623E-13  0.0000E+00  0.0000E+00
  2.7000E-01  2.7000E-01 -1.2427E+00 -1.0318E-02  3.0487E-01 -3.8854E-03 -1.0355E-16  4.0399E-13  0.0000E+00  0.0000E+00
  2.8000E-01  2.8000E-01 -1.2428E+00 -1.0465E-02  3.0491E-01 -3.8964E-03  8.7197E-17 -2.7882E-13  0.0000E+00  0.0000E+00
  2.9000E-01  2.9000E-01 -1.2428E+00 -1.0522E-02  3.0495E-01 -3.9073E-03 -1.8257E-16  1.0186E-13  0.0000E+00  0.0000E+00
  3.0000E-01  3.0000E-01 -1.2428E+00 -1.0665E-02  3.0499E-01 -3.9182E-03  3.7604E-16  2.6446E-13  0.0000E+00  0.0000E+00
  3.1000E-01  3.1000E-01 -1.2428E+00 -1.0722E-02  3.0503E-01 -3.9290E-03  5.8585E-16 -1.2685E-13  0.0000E+00  0.0000E+00
  3.2000E-01  3.2000E-01 -1.2429E+00 -1.0843E-02  3.0507E-01 -3.9399E-03  1.5586E-15  7.6458E-13  0.0000E+00  0.0000E+00
  3.3000E-01  3.3000E-01 -1.2429E+00 -1.0878E-02  3.0511E-01 -3.9506E-03  1.4060E-15 -8.6451E-13  0.0000E+00  0.0000E+00
  3.4000E-01  3.4000E-01 -1.2429E+00 -1.0973E-02  3.0515E-01 -3.9614E-03  5.9948E-16  3.3576E-13  0.0000E+00  0.0000E+00
  3.5000E-01  3.5000E-01 -1.2430E+00 -1.0986E-02  3.0519E-01 -3.9722E-03  5.4225E-16 -3.7321E-13  0.0000E+00  0.0000E+00
  3.6000E-01  3.6000E-01 -1.2430E+00 -1.1051E-02  3.0523E-01 -3.9830E-03 -1.0600E-15 -6.7670E-13  0.0000E+00  0.0000E+00
  3.7000E-01  3.7000E-01 -1.2430E+00 -1.1040E-02  3.0527E-01 -3.9936E-03 -1.7467E-15  2.2673E-13  0.0000E+00  0.0000E+00
  3.8000E-01  3.8000E-01 -1.2431E+00 -1.1089E-02  3.0531E-01 -4.0043E-03 -7.7115E-16  4.1234E-13  0.0000E+00  0.0000E+00
  3.9000E-01  3.9000E-01 -1.2431E+00 -1.1070E-02  3.0535E-01 -4.0149E-03  6.9757E-16  5.4971E-13  0.0000E+00  0.0000E+00
  4.0000E-01  4.0000E-01 -1.2432E+00 -1.1104E-02  3.0539E-01 -4.0255E-03  9.2647E-16 -3.9974E-13  0.0000E+00  0.0000E+00
  4.1000E-01  4.1000E-01 -1.2432E+00 -1.1068E-02  3.0543E-01 -4.0359E-03  9.1829E-16  3.9433E-13  0.0000E+00  0.0000E+00
  4.2000E-01  4.2000E-01 -1.2432E+00 -1.1075E-02  3.0547E-01 -4.0465E-03  7.6297E-17 -9.4556E-13  0.0000E+00  0.0000E+00
  4.3000E-01  4.3000E-01 -1.2433E+00 -1.1019E-02  3.0551E-01 -4.0567E-03  8.1747E-18  9.0084E-13  0.0000E+00  0.0000E+00
  4.4000E-01  4.4000E-01 -1.2433E+00 -1.1002E-02  3.0555E-01 -4.0671E-03 -7.9022E-17 -9.5779E-13  0.0000E+00  0.0000E+00
  4.5000E-01  4.5000E-01 -1.2433E+00 -1.0935E-02  3.0559E-01 -4.0773E-03  5.3135E-16  1.3571E-12  0.0000E+00  0.0000E+00
  4.6000E-01  4.6000E-01 -1.2434E+00 -1.0915E-02  3.0563E-01 -4.0876E-03 -1.9074E-17 -1.7171E-12  0.0000E+00  0.0000E+00
  4.7000E-01  4.7000E-01 -1.2434E+00 -1.0850E-02  3.0567E-01 -4.0976E-03 -6.3218E-16  1.3158E-12  0.0000E+00  0.0000E+00
  4.8000E-01  4.8000E-01 -1.2434E+00 -1.0825E-02  3.0571E-01 -4.1078E-03 -1.1635E-15 -1.6632E-12  0.0000E+00  0.0000E+00
  4.9000E-01  4.9000E-01 -1.2435E+00 -1.0760E-02  3.0575E-01 -4.1179E-03 -1.5832E-15  1.3885E-12  0.0000E+00  0.0000E+00
  5.0000E-01  5.0000E-01 -1.2435E+00 -1.0730E-02  3.0580E-01 -4.1280E-03  1.5832E-15  6.8257E-13  0.0000E+00  0.0000E+00
  5.1000E-01  5.1000E-01 -1.2435E+00 -1.0662E-02  3.0584E-01 -4.1379E-03  1.5150E-15 -7.2703E-13  0.0000E+00  0.0000E+00
  5.2000E-01  5.2000E-01 -1.2436E+00 -1.0634E-02  3.0588E-01 -4.1480E-03 -2.7521E-16 -4.4364E-13  0.0000E+00  0.0000E+00
  5.3000E-01  5.3000E-01 -1.2436E+00 -1.0570E-02  3.0592E-01 -4.1579E-03  5.1501E-16  9.6020E-13  0.0000E+00  0.0000E+00
  5.4000E-01  5.4000E-01 -1.2436E+00 -1.0540E-02  3.0596E-01 -4.1680E-03  4.5233E-16 -1.0010E-12  0.0000E+00  0.0000E+00
  5.5000E-01  5.5000E-01 -1.2436E+00 -1.0476E-02  3.0600E-01 -4.1778E-03 -6.3490E-16  2.9030E-13  0.0000E+00  0.0000E+00
  5.6000E-01  5.6000E-01 -1.2437E+00 -1.0441E-02  3.0605E-01 -4.1878E-03  5.4498E-18  1.2821E-13  0.0000E+00  0.0000E+00
  5.7000E-01  5.7000E-01 -1.2437E+00 -1.0372E-02  3.0609E-01 -4.1975E-03  5.6950E-16  2.4036E-13  0.0000E+00  0.0000E+00
  5.8000E-01  5.8000E-01 -1.2437E+00 -1.0342E-02  3.0613E-01 -4.2074E-03  4.7958E-16 -2.9908E-13  0.0000E+00  0.0000E+00
  5.9000E-01  5.9000E-01 -1.2438E+00 -1.0280E-02  3.0617E-01 -4.2171E-03  1.8529E-16  1.0680E-13  0.0000E+00  0.0000E+00
  6.0000E-01  6.0000E-01 -1.2438E+00 -1.0255E-02  3.0621E-01 -4.2270E-03  1.5259E-16 -1.2814E-13  0.0000E+00  0.0000E+00
  6.1000E-01  6.1000E-01 -1.2438E+00 -1.0199E-02  3.0626E-01 -4.2367E-03 -1.7766E-15 -1.1318E-12  0.0000E+00  0.0000E+00
  6.2000E-01  6.2000E-01 -1.2439E+00 -1.0168E-02  3.0630E-01 -4.2465E-03  1.3897E-15  3.1991E-12  0.0000E+00  0.0000E+00
  6.3000E-01  6.3000E-01 -1.2439E+00 -1.0104E-02  3.0634E-01 -4.2562E-03  2.3761E-15 -2.5546E-12  0.0000E+00  0.0000E+00
  6.4000E-01  6.4000E-01 -1.2439E+00 -1.0072E-02  3.0638E-01 -4.2659E-03 -3.7059E-16  7.6130E-13  0.0000E+00  0.0000E+00
  6.5000E-01  6.5000E-01 -1.2440E+00 -1.0015E-02  3.0643E-01 -4.2754E-03 -1.8202E-15 -1.7074E-12  0.0000E+00  0.0000E+00
  6.6000E-01  6.6000E-01 -1.2440E+00 -9.9890E-03  3.0647E-01 -4.2851E-03 -1.7330E-15  1.7640E-12  0.0000E+00  0.0000E+00
  6.7000E-01  6.7000E-01 -1.2440E+00 -9.9449E-03  3.0651E-01 -4.2947E-03  1.2426E-15  1.7780E-13  0.0000E+00  0.0000E+00
  6.8000E-01  6.8000E-01 -1.2441E+00 -9.9182E-03  3.0656E-01 -4.3044E-03  2.8720E-15  8.8532E-13  0.0000E+00  0.0000E+00
  6.9000E-01  6.9000E-01 -1.2441E+00 -9.8584E-03  3.0660E-01 -4.3139E-03  1.8202E-15 -1.5713E-12  0.0000E+00  0.0000E+00
  7.0000E-01  7.0000E-01 -1.2441E+00 -9.8241E-03  3.0664E-01 -4.3235E-03  4.1418E-16  6.5403E-13  0.0000E+00  0.0000E+00
  7.1000E-01  7.1000E-01 -1.2441E+00 -9.7697E-03  3.0668E-01 -4.3329E-03  1.0627E-15 -2.3101E-13  0.0000E+00  0.0000E+00
  7.2000E-01  7.2000E-01 -1.2442E+00 -9.7407E-03  3.0673E-01 -4.3424E-03 -3.7059E-16 -7.0359E-13  0.0000E+00  0.0000E+00
  7.3000E-01  7.3000E-01 -1.2442E+00 -9.7011E-03  3.0677E-01 -4.3520E-03 -4.5778E-16  6.4665E-13  0.0000E+00  0.0000E+00
  7.4000E-01  7.4000E-01 -1.2442E+00 -9.6759E-03  3.0682E-01 -4.3614E-03 -1.7167E-15 -1.4672E-12  0.0000E+00  0.0000E+00
  7.5000E-01  7.5000E-01 -1.2443E+00 -9.6237E-03  3.0686E-01 -4.3709E-03 -1.6676E-15  1.4989E-12  0.0000E+00  0.0000E+00
  7.6000E-01  7.6000E-01 -1.2443E+00 -9.5929E-03  3.0690E-01 -4.3803E-03  2.1799E-15  1.0086E-12  0.0000E+00  0.0000E+00
  7.7000E-01  7.7000E-01 -1.2443E+00 -9.5435E-03  3.0695E-01 -4.3896E-03  8.5017E-16 -1.8749E-12  0.0000E+00  0.0000E+00
  7.8000E-01  7.8000E-01 -1.2444E+00 -9.5141E-03  3.0699E-01 -4.3990E-03  8.6652E-16  1.8853E-12  0.0000E+00  0.0000E+00
  7.9000E-01  7.9000E-01 -1.2444E+00 -9.4778E-03  3.0703E-01 -4.4084E-03  3.9184E-15  1.0295E-13  0.0000E+00  0.0000E+00
  8.0000E-01  8.0000E-01 -1.2444E+00 -9.4543E-03  3.0708E-01 -4.4177E-03  4.9593E-16 -2.3320E-12  0.0000E+00  0.0000E+00
  8.1000E-01  8.1000E-01 -1.2444E+00 -9.4140E-03  3.0712E-01 -4.4270E-03 -2.3543E-15  4.7556E-13  0.0000E+00  0.0000E+00
  8.2000E-01  8.2000E-01 -1.2445E+00 -9.3847E-03  3.0717E-01 -4.4363E-03 -1.4823E-15  9.2259E-14  0.0000E+00  0.0000E+00
  8.3000E-01  8.3000E-01 -1.2445E+00 -9.3439E-03  3.0721E-01 -4.4455E-03 -4.7413E-16  5.6412E-13  0.0000E+00  0.0000E+00
  8.4000E-01  8.4000E-01 -1.2445E+00 -9.3161E-03  3.0726E-01 -4.4547E-03 -9.1557E-16 -8.5138E-13  0.0000E+00  0.0000E+00
  8.5000E-01  8.5000E-01 -1.2446E+00 -9.2858E-03  3.0730E-01 -4.4639E-03 -8.3382E-16  9.0445E-13  0.0000E+00  0.0000E+00
  8.6000E-01  8.6000E-01 -1.2446E+00 -9.2662E-03  3.0735E-01 -4.4732E-03 -1.0573E-15 -1.0497E-12  0.0000E+00  0.0000E+00
  8.7000E-01  8.7000E-01 -1.2446E+00 -9.2383E-03  3.0739E-01 -4.4823E-03 -4.9048E-16  1.4183E-12  0.0000E+00  0.0000E+00
  8.8000E-01  8.8000E-01 -1.2446E+00 -9.2145E-03  3.0743E-01 -4.4915E-03  9.7006E-16 -4.6798E-13  0.0000E+00  0.0000E+00
  8.9000E-01  8.9000E-01 -1.2447E+00 -9.1827E-03  3.0748E-01 -4.5006E-03  8.9377E-16  4.1829E-13  0.0000E+00  0.0000E+00
  9.0000E-01  9.0000E-01 -1.2447E+00 -9.1575E-03  3.0752E-01 -4.5097E-03  9.6461E-16 -3.7215E-13  0.0000E+00  0.0000E+00
  9.1000E-01  9.1000E-01 -1.2447E+00 -9.1302E-03  3.0757E-01 -4.5189E-03 -1.0355E-16 -3.2248E-13  0.0000E+00  0.0000E+00
  9.2000E-01  9.2000E-01 -1.2448E+00 -9.1115E-03  3.0762E-01 -4.5279E-03  1.3624E-16  4.7834E-13  0.0000E+00  0.0000E+00
  9.3000E-01  9.3000E-01 -1.2448E+00 -9.1127E-03  3.0766E-01 -4.5371E-03  2.5124E-15  1.0664E-12  0.0000E+00  0.0000E+00
  9.4000E-01  9.4000E-01 -1.2448E+00 -9.1040E-03  3.0771E-01 -4.5462E-03  1.5259E-15 -1.7073E-12  0.0000E+00  0.0000E+00
  9.5000E-01  9.5000E-01 -1.2448E+00 -9.0331E-03  3.0775E-01 -4.5554E-03 -7.5752E-16  2.2313E-13  0.0000E+00  0.0000E+00
  9.6000E-01  9.6000E-01 -1.2449E+00 -9.0613E-03  3.0780E-01 -4.5634E-03 -3.2154E-16  6.0200E-14  0.0000E+00  0.0000E+00
  9.7000E-01  9.7000E-01 -1.2449E+00 -9.1138E-03  3.0784E-01 -4.5722E-03 -8.9377E-16 -4.3196E-13  0.0000E+00  0.0000E+00
  9.8000E-01  9.8000E-01 -1.2449E+00 -9.0226E-03  3.0789E-01 -4.5805E-03  6.8122E-16  1.4550E-12  0.0000E+00  0.0000E+00
  9.9000E-01  9.9000E-01 -1.2449E+00 -8.8104E-03  3.0793E-01 -4.5916E-03  4.9757E-15  1.3344E-12  0.0000E+00  0.0000E+00

      S        DMerc        DShear       DCurr       DWell       Dgeod
----------------------------------------------------------------------------------------------------
  1.0000E-02 -7.3462E+04  1.3704E-04  9.6187E-02  0.0000E+00 -7.3462E+04
  2.0000E-02 -3.9052E+02  1.5917E-03  2.1404E-02  0.0000E+00 -3.9054E+02
  3.0000E-02 -2.0515E+01  1.3442E-03  2.3776E-03  0.0000E+00 -2.0518E+01
  4.0000E-02 -2.7121E+00  9.2906E-04 -4.1518E-04  0.0000E+00 -2.7126E+00
  5.0000E-02 -5.8995E-01  5.8658E-04 -7.9058E-04  0.0000E+00 -5.8974E-01
  6.0000E-02 -1.7476E-01  3.5560E-04 -6.6164E-04  0.0000E+00 -1.7445E-01
  7.0000E-02 -6.3366E-02  2.0965E-04 -4.6580E-04  0.0000E+00 -6.3110E-02
  8.0000E-02 -2.6480E-02  1.2312E-04 -3.1140E-04  0.0000E+00 -2.6292E-02
  9.0000E-02 -1.2326E-02  7.1644E-05 -1.9733E-04  0.0000E+00 -1.2201E-02
  1.0000E-01 -6.2922E-03  4.2269E-05 -1.2425E-04  0.0000E+00 -6.2103E-03
  1.1000E-01 -3.4913E-03  2.4994E-05 -7.5251E-05  0.0000E+00 -3.4411E-03
  1.2000E-01 -2.1018E-03  1.5346E-05 -4.6576E-05  0.0000E+00 -2.0706E-03
  1.3000E-01 -1.3566E-03  9.6218E-06 -2.7927E-05  0.0000E+00 -1.3383E-03
  1.4000E-01 -9.3202E-04  6.4694E-06 -1.7455E-05  0.0000E+00 -9.2103E-04
  1.5000E-01 -6.7663E-04  4.6042E-06 -1.0808E-05  0.0000E+00 -6.7043E-04
  1.6000E-01 -5.0773E-04  3.5987E-06 -7.1173E-06  0.0000E+00 -5.0421E-04
  1.7000E-01 -3.9476E-04  2.9864E-06 -4.5999E-06  0.0000E+00 -3.9315E-04
  1.8000E-01 -3.1525E-04  2.6908E-06 -3.2404E-06  0.0000E+00 -3.1470E-04
  1.9000E-01 -2.5865E-04  2.4787E-06 -2.0905E-06  0.0000E+00 -2.5904E-04
  2.0000E-01 -2.1273E-04  2.4062E-06 -1.4899E-06  0.0000E+00 -2.1364E-04
  2.1000E-01 -1.8069E-04  2.3307E-06 -8.7812E-07  0.0000E+00 -1.8214E-04
  2.2000E-01 -1.4597E-04  2.3377E-06 -6.0278E-07  0.0000E+00 -1.4770E-04
  2.3000E-01 -1.2087E-04  2.3209E-06 -2.5938E-07  0.0000E+00 -1.2293E-04
  2.4000E-01 -1.0409E-04  2.3693E-06 -1.8796E-07  0.0000E+00 -1.0627E-04
  2.5000E-01 -9.2773E-05  2.3816E-06 -1.1898E-08  0.0000E+00 -9.5143E-05
  2.6000E-01 -8.3998E-05  2.4491E-06 -5.8749E-08  0.0000E+00 -8.6389E-05
  2.7000E-01 -8.0236E-05  2.4738E-06  2.7929E-08  0.0000E+00 -8.2737E-05
  2.8000E-01 -6.7342E-05  2.5457E-06 -8.0077E-08  0.0000E+00 -6.9807E-05
  2.9000E-01 -5.5418E-05  2.5737E-06 -3.0694E-08  0.0000E+00 -5.7961E-05
  3.0000E-01 -4.8932E-05  2.6448E-06 -1.7764E-07  0.0000E+00 -5.1399E-05
  3.1000E-01 -4.4507E-05  2.6740E-06 -1.4548E-07  0.0000E+00 -4.7036E-05
  3.2000E-01 -4.2091E-05  2.7357E-06 -2.9389E-07  0.0000E+00 -4.4533E-05
  3.3000E-01 -4.1222E-05  2.7538E-06 -2.5014E-07  0.0000E+00 -4.3726E-05
  3.4000E-01 -3.7045E-05  2.8030E-06 -3.8722E-07  0.0000E+00 -3.9460E-05
  3.5000E-01 -3.0990E-05  2.8102E-06 -3.2331E-07  0.0000E+00 -3.3477E-05
  3.6000E-01 -2.7266E-05  2.8443E-06 -4.4320E-07  0.0000E+00 -2.9667E-05
  3.7000E-01 -2.4679E-05  2.8397E-06 -3.6166E-07  0.0000E+00 -2.7157E-05
  3.8000E-01 -2.2682E-05  2.8653E-06 -4.7313E-07  0.0000E+00 -2.5074E-05
  3.9000E-01 -2.0623E-05  2.8565E-06 -3.8660E-07  0.0000E+00 -2.3093E-05
  4.0000E-01 -1.8968E-05  2.8746E-06 -4.9075E-07  0.0000E+00 -2.1352E-05
  4.1000E-01 -1.7128E-05  2.8572E-06 -3.8867E-07  0.0000E+00 -1.9597E-05
  4.2000E-01 -1.5642E-05  2.8612E-06 -4.7134E-07  0.0000E+00 -1.8032E-05
  4.3000E-01 -1.4187E-05  2.8330E-06 -3.5350E-07  0.0000E+00 -1.6666E-05
  4.4000E-01 -1.2966E-05  2.8252E-06 -4.1685E-07  0.0000E+00 -1.5374E-05
  4.5000E-01 -1.1126E-05  2.7918E-06 -2.9056E-07  0.0000E+00 -1.3627E-05
  4.6000E-01 -9.7260E-06  2.7821E-06 -3.5309E-07  0.0000E+00 -1.2155E-05
  4.7000E-01 -8.9681E-06  2.7501E-06 -2.3226E-07  0.0000E+00 -1.1486E-05
  4.8000E-01 -8.3306E-06  2.7378E-06 -2.9343E-07  0.0000E+00 -1.0775E-05
  4.9000E-01 -7.9380E-06  2.7058E-06 -1.7483E-07  0.0000E+00 -1.0469E-05
  5.0000E-01 -7.7349E-06  2.6916E-06 -2.3527E-07  0.0000E+00 -1.0191E-05
  5.1000E-01 -6.4843E-06  2.6584E-06 -1.2086E-07  0.0000E+00 -9.0219E-06
  5.2000E-01 -5.4690E-06  2.6448E-06 -1.8160E-07  0.0000E+00 -7.9322E-06
  5.3000E-01 -4.6991E-06  2.6140E-06 -7.9803E-08  0.0000E+00 -7.2333E-06
  5.4000E-01 -4.0888E-06  2.6000E-06 -1.3664E-07  0.0000E+00 -6.5522E-06
  5.5000E-01 -3.9955E-06  2.5690E-06 -4.0611E-08  0.0000E+00 -6.5239E-06
  5.6000E-01 -4.3735E-06  2.5525E-06 -9.1060E-08  0.0000E+00 -6.8350E-06
  5.7000E-01 -3.8867E-06  2.5199E-06  1.7852E-09  0.0000E+00 -6.4084E-06
  5.8000E-01 -3.4357E-06  2.5057E-06 -5.0149E-08  0.0000E+00 -5.8913E-06
  5.9000E-01 -2.7151E-06  2.4764E-06  2.9526E-08  0.0000E+00 -5.2210E-06
  6.0000E-01 -2.1792E-06  2.4652E-06 -2.7234E-08  0.0000E+00 -4.6172E-06
  6.1000E-01 -1.9618E-06  2.4389E-06  4.3606E-08  0.0000E+00 -4.4443E-06
  6.2000E-01 -2.3394E-06  2.4248E-06 -4.7770E-09  0.0000E+00 -4.7595E-06
  6.3000E-01 -2.3058E-06  2.3953E-06  6.8383E-08  0.0000E+00 -4.7694E-06
  6.4000E-01 -2.1672E-06  2.3808E-06  2.2457E-08  0.0000E+00 -4.5704E-06
  6.5000E-01 -1.7345E-06  2.3544E-06  8.5097E-08  0.0000E+00 -4.1740E-06
  6.6000E-01 -1.3127E-06  2.3429E-06  3.2330E-08  0.0000E+00 -3.6880E-06
  6.7000E-01 -1.0944E-06  2.3229E-06  8.0611E-08  0.0000E+00 -3.4980E-06
  6.8000E-01 -1.1884E-06  2.3111E-06  3.2879E-08  0.0000E+00 -3.5324E-06
  6.9000E-01 -1.2811E-06  2.2840E-06  9.4191E-08  0.0000E+00 -3.6592E-06
  7.0000E-01 -1.2302E-06  2.2688E-06  5.2689E-08  0.0000E+00 -3.5516E-06
  7.1000E-01 -1.0731E-06  2.2443E-06  1.0609E-07  0.0000E+00 -3.4236E-06
  7.2000E-01 -7.9739E-07  2.2316E-06  5.8947E-08  0.0000E+00 -3.0880E-06
  7.3000E-01 -5.9823E-07  2.2142E-06  9.7853E-08  0.0000E+00 -2.9102E-06
  7.4000E-01 -5.7360E-07  2.2033E-06  4.9895E-08  0.0000E+00 -2.8268E-06
  7.5000E-01 -5.5037E-07  2.1802E-06  1.0062E-07  0.0000E+00 -2.8312E-06
  7.6000E-01 -6.1153E-07  2.1669E-06  5.8468E-08  0.0000E+00 -2.8369E-06
  7.7000E-01 -5.8349E-07  2.1453E-06  1.0576E-07  0.0000E+00 -2.8345E-06
  7.8000E-01 -4.7476E-07  2.1327E-06  6.1796E-08  0.0000E+00 -2.6692E-06
  7.9000E-01 -3.3932E-07  2.1171E-06  9.7206E-08  0.0000E+00 -2.5536E-06
  8.0000E-01 -3.0941E-07  2.1072E-06  4.9298E-08  0.0000E+00 -2.4659E-06
  8.1000E-01 -2.1446E-07  2.0898E-06  9.0215E-08  0.0000E+00 -2.3945E-06
  8.2000E-01 -2.6152E-07  2.0774E-06  4.9500E-08  0.0000E+00 -2.3885E-06
  8.3000E-01 -2.3597E-07  2.0600E-06  9.1424E-08  0.0000E+00 -2.3874E-06
  8.4000E-01 -2.3062E-07  2.0484E-06  5.0081E-08  0.0000E+00 -2.3291E-06
  8.5000E-01 -9.8714E-08  2.0357E-06  8.2404E-08  0.0000E+00 -2.2168E-06
  8.6000E-01 -8.7389E-08  2.0277E-06  3.5534E-08  0.0000E+00 -2.1506E-06
  8.7000E-01  3.4179E-09  2.0161E-06  6.7341E-08  0.0000E+00 -2.0800E-06
  8.8000E-01 -3.6867E-08  2.0063E-06  2.7575E-08  0.0000E+00 -2.0707E-06
  8.9000E-01 -1.2784E-08  1.9930E-06  6.4906E-08  0.0000E+00 -2.0707E-06
  9.0000E-01 -6.0001E-08  1.9827E-06  2.8406E-08  0.0000E+00 -2.0711E-06
  9.1000E-01  5.7872E-08  1.9715E-06  6.1085E-08  0.0000E+00 -1.9747E-06
  9.2000E-01  5.5831E-08  1.9640E-06  2.1108E-08  0.0000E+00 -1.9292E-06
  9.3000E-01  1.5148E-07  1.9651E-06  2.5929E-08  0.0000E+00 -1.8395E-06
  9.4000E-01  1.4810E-07  1.9619E-06 -1.5083E-08  0.0000E+00 -1.7987E-06
  9.5000E-01  2.7763E-07  1.9320E-06  5.0462E-08  0.0000E+00 -1.7049E-06
  9.6000E-01  3.0577E-07  1.9447E-06 -5.5132E-09  0.0000E+00 -1.6334E-06
  9.7000E-01  4.1086E-07  1.9679E-06 -5.6909E-08  0.0000E+00 -1.5001E-06
  9.8000E-01  7.1053E-07  1.9293E-06  1.0544E-08  0.0000E+00 -1.2293E-06
  9.9000E-01  1.0490E-06  1.8401E-06  1.8331E-07  0.0000E+00 -9.7447E-07
