      S          PHI         IOTA        SHEAR        VP         WELL        ITOR       ITOR'       PRES       PRES'
------------------------------------------------------------------------------------------------------------------------
  1.0000E-02  1.2000E-03  8.6306E-01 -5.8900E-04  3.0979E+01  2.2559E-01 -9.0475E-20 -5.2398E-17  0.0000E+00  0.0000E+00
  2.0000E-02  2.4000E-03  8.6306E-01  8.7764E-04  3.0979E+01  2.7367E-01  6.3865E-18  4.0086E-16  0.0000E+00  0.0000E+00
  3.0000E-02  3.6000E-03  8.6309E-01  6.7391E-04  3.0978E+01  2.9582E-01 -1.6179E-18 -8.3151E-16  0.0000E+00  0.0000E+00
  4.0000E-02  4.8000E-03  8.6312E-01  5.5373E-04  3.0978E+01  3.0972E-01 -4.6834E-18  6.6659E-16  0.0000E+00  0.0000E+00
  5.0000E-02  6.0000E-03  8.6313E-01  8.2802E-05  3.0978E+01  3.1654E-01 -1.0218E-18 -4.6960E-16  0.0000E+00  0.0000E+00
  6.0000E-02  7.2000E-03  8.6313E-01 -9.2117E-05  3.0977E+01  3.1926E-01  7.4509E-19  5.6467E-16  0.0000E+00  0.0000E+00
  7.0000E-02  8.4000E-03  8.6312E-01 -4.1155E-04  3.0977E+01  3.1948E-01  9.3881E-18 -9.9648E-17  0.0000E+00  0.0000E+00
  8.0000E-02  9.6000E-03  8.6310E-01 -4.9909E-04  3.0977E+01  3.1826E-01  4.0661E-18 -1.8670E-16  0.0000E+00  0.0000E+00
  9.0000E-02  1.0800E-02  8.6308E-01 -7.0190E-04  3.0976E+01  3.1627E-01  3.0229E-18  1.3058E-16  0.0000E+00  0.0000E+00
  1.0000E-01  1.2000E-02  8.6305E-01 -7.4010E-04  3.0976E+01  3.1390E-01 -6.5142E-18 -6.4373E-16  0.0000E+00  0.0000E+00
  1.1000E-01  1.3200E-02  8.6302E-01 -8.7386E-04  3.0975E+01  3.1142E-01 -7.6212E-18  5.8417E-16  0.0000E+00  0.0000E+00
  1.2000E-01  1.4400E-02  8.6299E-01 -8.7988E-04  3.0975E+01  3.0902E-01  2.8356E-17  1.3516E-15  0.0000E+00  0.0000E+00
  1.3000E-01  1.5600E-02  8.6295E-01 -9.7088E-04  3.0975E+01  3.0679E-01  3.8958E-17 -7.8121E-16  0.0000E+00  0.0000E+00
  1.4000E-01  1.6800E-02  8.6292E-01 -9.5920E-04  3.0974E+01  3.0479E-01  4.1427E-17  9.1409E-16  0.0000E+00  0.0000E+00
  1.5000E-01  1.8000E-02  8.6288E-01 -1.0226E-03  3.0974E+01  3.0301E-01  3.3678E-17 -1.3311E-15  0.0000E+00  0.0000E+00
  1.6000E-01  1.9200E-02  8.6284E-01 -9.9907E-04  3.0974E+01  3.0149E-01  4.4280E-18 -2.4285E-16  0.0000E+00  0.0000E+00
  1.7000E-01  2.0400E-02  8.6281E-01 -1.0418E-03  3.0973E+01  3.0018E-01 -2.3758E-17 -1.2738E-15  0.0000E+00  0.0000E+00
  1.8000E-01  2.1600E-02  8.6277E-01 -1.0096E-03  3.0973E+01  2.9911E-01 -3.8532E-17  4.7883E-16  0.0000E+00  0.0000E+00
  1.9000E-01  2.2800E-02  8.6273E-01 -1.0374E-03  3.0972E+01  2.9820E-01 -1.5285E-17  7.7210E-16  0.0000E+00  0.0000E+00
  2.0000E-01  2.4000E-02  8.6269E-01 -1.0001E-03  3.0972E+01  2.9748E-01  9.3668E-19  1.0081E-16  0.0000E+00  0.0000E+00
  2.1000E-01  2.5200E-02  8.6265E-01 -1.0177E-03  3.0972E+01  2.9686E-01 -1.8691E-17 -1.1570E-15  0.0000E+00  0.0000E+00
  2.2000E-01  2.6400E-02  8.6262E-01 -9.7843E-04  3.0971E+01  2.9636E-01 -1.8691E-17  1.1570E-15  0.0000E+00  0.0000E+00
  2.3000E-01  2.7600E-02  8.6258E-01 -9.8956E-04  3.0971E+01  2.9590E-01 -3.5807E-17 -2.0781E-15  0.0000E+00  0.0000E+00
  2.4000E-01  2.8800E-02  8.6255E-01 -9.5007E-04  3.0971E+01  2.9551E-01 -2.9931E-17  2.3943E-15  0.0000E+00  0.0000E+00
  2.5000E-01  3.0000E-02  8.6251E-01 -9.5665E-04  3.0970E+01  2.9512E-01  3.2741E-17  9.7836E-16  0.0000E+00  0.0000E+00
  2.6000E-01  3.1200E-02  8.6247E-01 -9.1726E-04  3.0970E+01  2.9477E-01  1.2092E-17 -2.0896E-15  0.0000E+00  0.0000E+00
  2.7000E-01  3.2400E-02  8.6244E-01 -9.2017E-04  3.0970E+01  2.9441E-01 -1.4944E-17  6.3469E-16  0.0000E+00  0.0000E+00
  2.8000E-01  3.3600E-02  8.6241E-01 -8.8089E-04  3.0969E+01  2.9409E-01 -8.5153E-18 -2.8871E-16  0.0000E+00  0.0000E+00
  2.9000E-01  3.4800E-02  8.6237E-01 -8.8078E-04  3.0969E+01  2.9376E-01 -3.1379E-17 -9.4175E-16  0.0000E+00  0.0000E+00
  3.0000E-01  3.6000E-02  8.6234E-01 -8.4175E-04  3.0969E+01  2.9347E-01 -1.1496E-17  2.0118E-15  0.0000E+00  0.0000E+00
  3.1000E-01  3.7200E-02  8.6231E-01 -8.3919E-04  3.0968E+01  2.9320E-01  1.6264E-17 -5.1786E-16  0.0000E+00  0.0000E+00
  3.2000E-01  3.8400E-02  8.6228E-01 -8.0045E-04  3.0968E+01  2.9297E-01  2.3885E-17  9.2803E-16  0.0000E+00  0.0000E+00
  3.3000E-01  3.9600E-02  8.6225E-01 -7.9574E-04  3.0968E+01  2.9276E-01 -1.5285E-17 -3.0362E-15  0.0000E+00  0.0000E+00
  3.4000E-01  4.0800E-02  8.6222E-01 -7.5721E-04  3.0967E+01  2.9258E-01 -7.3487E-17 -9.6242E-17  0.0000E+00  0.0000E+00
  3.5000E-01  4.2000E-02  8.6219E-01 -7.5057E-04  3.0967E+01  2.9243E-01 -1.2773E-17  3.3639E-15  0.0000E+00  0.0000E+00
  3.6000E-01  4.3200E-02  8.6217E-01 -7.1230E-04  3.0966E+01  2.9231E-01  2.4439E-17 -1.3612E-15  0.0000E+00  0.0000E+00
  3.7000E-01  4.4400E-02  8.6214E-01 -7.0407E-04  3.0966E+01  2.9220E-01 -4.2747E-17 -2.2549E-15  0.0000E+00  0.0000E+00
  3.8000E-01  4.5600E-02  8.6212E-01 -6.6611E-04  3.0966E+01  2.9213E-01 -7.7489E-17  3.8499E-16  0.0000E+00  0.0000E+00
  3.9000E-01  4.6800E-02  8.6209E-01 -6.5652E-04  3.0965E+01  2.9208E-01 -5.5946E-17  7.7457E-16  0.0000E+00  0.0000E+00
  4.0000E-01  4.8000E-02  8.6207E-01 -6.1895E-04  3.0965E+01  2.9205E-01  1.6264E-17  3.1120E-15  0.0000E+00  0.0000E+00
  4.1000E-01  4.9200E-02  8.6204E-01 -6.0819E-04  3.0965E+01  2.9204E-01  3.0229E-17 -2.3604E-15  0.0000E+00  0.0000E+00
  4.2000E-01  5.0400E-02  8.6202E-01 -5.7108E-04  3.0964E+01  2.9206E-01 -3.8319E-18  5.2709E-16  0.0000E+00  0.0000E+00
  4.3000E-01  5.1600E-02  8.6200E-01 -5.5938E-04  3.0964E+01  2.9209E-01 -2.6057E-17 -1.7234E-15  0.0000E+00  0.0000E+00
  4.4000E-01  5.2800E-02  8.6198E-01 -5.2282E-04  3.0964E+01  2.9214E-01 -9.9033E-17 -2.2047E-15  0.0000E+00  0.0000E+00
  4.5000E-01  5.4000E-02  8.6196E-01 -5.1040E-04  3.0963E+01  2.9220E-01 -8.1406E-17  3.1535E-15  0.0000E+00  0.0000E+00
  4.6000E-01  5.5200E-02  8.6194E-01 -4.7454E-04  3.0963E+01  2.9228E-01 -6.4546E-17 -2.2460E-15  0.0000E+00  0.0000E+00
  4.7000E-01  5.6400E-02  8.6193E-01 -4.6158E-04  3.0963E+01  2.9237E-01 -5.7138E-17  2.6448E-15  0.0000E+00  0.0000E+00
  4.8000E-01  5.7600E-02  8.6191E-01 -4.2651E-04  3.0962E+01  2.9248E-01 -9.3668E-18 -7.3339E-17  0.0000E+00  0.0000E+00
  4.9000E-01  5.8800E-02  8.6189E-01 -4.1321E-04  3.0962E+01  2.9258E-01  1.4135E-17  1.3385E-15  0.0000E+00  0.0000E+00
  5.0000E-01  6.0000E-02  8.6188E-01 -3.7899E-04  3.0962E+01  2.9272E-01  6.2162E-18 -1.7648E-15  0.0000E+00  0.0000E+00
  5.1000E-01  6.1200E-02  8.6187E-01 -3.6547E-04  3.0961E+01  2.9284E-01  2.0011E-17  2.5074E-15  0.0000E+00  0.0000E+00
  5.2000E-01  6.2400E-02  8.6185E-01 -3.3225E-04  3.0961E+01  2.9298E-01  8.5153E-18 -3.1262E-15  0.0000E+00  0.0000E+00
  5.3000E-01  6.3600E-02  8.6184E-01 -3.1860E-04  3.0961E+01  2.9311E-01 -4.4450E-17  2.7504E-16  0.0000E+00  0.0000E+00
  5.4000E-01  6.4800E-02  8.6183E-01 -2.8645E-04  3.0960E+01  2.9326E-01 -2.0181E-17  1.0314E-15  0.0000E+00  0.0000E+00
  5.5000E-01  6.6000E-02  8.6182E-01 -2.7281E-04  3.0960E+01  2.9340E-01 -1.1070E-18 -4.5841E-18  0.0000E+00  0.0000E+00
  5.6000E-01  6.7200E-02  8.6181E-01 -2.4177E-04  3.0959E+01  2.9356E-01 -3.0059E-17 -1.5540E-15  0.0000E+00  0.0000E+00
  5.7000E-01  6.8400E-02  8.6180E-01 -2.2827E-04  3.0959E+01  2.9370E-01 -3.1166E-17  1.4944E-15  0.0000E+00  0.0000E+00
  5.8000E-01  6.9600E-02  8.6179E-01 -1.9837E-04  3.0959E+01  2.9386E-01 -1.9585E-17 -8.7100E-16  0.0000E+00  0.0000E+00
  5.9000E-01  7.0800E-02  8.6179E-01 -1.8511E-04  3.0958E+01  2.9400E-01 -3.0655E-17  2.7506E-16  0.0000E+00  0.0000E+00
  6.0000E-01  7.2000E-02  8.6178E-01 -1.5632E-04  3.0958E+01  2.9415E-01  1.1155E-17  1.9758E-15  0.0000E+00  0.0000E+00
  6.1000E-01  7.3200E-02  8.6177E-01 -1.4336E-04  3.0958E+01  2.9429E-01  4.0022E-17 -4.2176E-16  0.0000E+00  0.0000E+00
  6.2000E-01  7.4400E-02  8.6177E-01 -1.1567E-04  3.0957E+01  2.9444E-01 -2.0692E-17 -2.8469E-15  0.0000E+00  0.0000E+00
  6.3000E-01  7.5600E-02  8.6176E-01 -1.0309E-04  3.0957E+01  2.9458E-01 -7.9192E-17 -3.0258E-16  0.0000E+00  0.0000E+00
  6.4000E-01  7.6800E-02  8.6176E-01 -7.6501E-05  3.0957E+01  2.9472E-01  9.4520E-18  5.0751E-15  0.0000E+00  0.0000E+00
  6.5000E-01  7.8000E-02  8.6176E-01 -6.4397E-05  3.0956E+01  2.9486E-01  7.8852E-17 -1.3387E-15  0.0000E+00  0.0000E+00
  6.6000E-01  7.9200E-02  8.6176E-01 -3.8909E-05  3.0956E+01  2.9500E-01  5.5179E-17  6.4185E-17  0.0000E+00  0.0000E+00
  6.7000E-01  8.0400E-02  8.6176E-01 -2.7282E-05  3.0956E+01  2.9513E-01 -5.1943E-18 -3.3147E-15  0.0000E+00  0.0000E+00
  6.8000E-01  8.1600E-02  8.6176E-01 -2.8546E-06  3.0955E+01  2.9525E-01 -2.3332E-17  2.3382E-15  0.0000E+00  0.0000E+00
  6.9000E-01  8.2800E-02  8.6176E-01  8.2820E-06  3.0955E+01  2.9539E-01  4.0533E-17  1.1004E-15  0.0000E+00  0.0000E+00
  7.0000E-01  8.4000E-02  8.6176E-01  3.1688E-05  3.0955E+01  2.9550E-01 -2.2055E-17 -4.4702E-15  0.0000E+00  0.0000E+00
  7.1000E-01  8.5200E-02  8.6176E-01  4.2293E-05  3.0954E+01  2.9563E-01 -1.1019E-16 -2.7509E-16  0.0000E+00  0.0000E+00
  7.2000E-01  8.6400E-02  8.6176E-01  6.4693E-05  3.0954E+01  2.9574E-01 -3.4572E-17  4.3465E-15  0.0000E+00  0.0000E+00
  7.3000E-01  8.7600E-02  8.6176E-01  7.4756E-05  3.0953E+01  2.9587E-01  1.4731E-17 -1.6919E-15  0.0000E+00  0.0000E+00
  7.4000E-01  8.8800E-02  8.6177E-01  9.6166E-05  3.0953E+01  2.9597E-01 -5.0411E-17 -1.8157E-15  0.0000E+00  0.0000E+00
  7.5000E-01  9.0000E-02  8.6177E-01  1.0580E-04  3.0953E+01  2.9609E-01 -6.5227E-17  1.0179E-15  0.0000E+00  0.0000E+00
  7.6000E-01  9.1200E-02  8.6177E-01  1.2632E-04  3.0952E+01  2.9619E-01  5.2795E-18  2.7786E-15  0.0000E+00  0.0000E+00
  7.7000E-01  9.2400E-02  8.6178E-01  1.3558E-04  3.0952E+01  2.9630E-01  5.8756E-18 -2.7465E-15  0.0000E+00  0.0000E+00
  7.8000E-01  9.3600E-02  8.6178E-01  1.5523E-04  3.0952E+01  2.9639E-01 -5.9352E-17 -7.6574E-16  0.0000E+00  0.0000E+00
  7.9000E-01  9.4800E-02  8.6179E-01  1.6409E-04  3.0951E+01  2.9651E-01 -5.7223E-17  8.8038E-16  0.0000E+00  0.0000E+00
  8.0000E-01  9.6000E-02  8.6180E-01  1.8286E-04  3.0951E+01  2.9660E-01 -7.7064E-17 -1.9488E-15  0.0000E+00  0.0000E+00
  8.1000E-01  9.7200E-02  8.6180E-01  1.9144E-04  3.0951E+01  2.9671E-01 -1.3505E-16 -1.1739E-15  0.0000E+00  0.0000E+00
  8.2000E-01  9.8400E-02  8.6181E-01  2.0933E-04  3.0950E+01  2.9680E-01 -5.5349E-17  5.4659E-15  0.0000E+00  0.0000E+00
  8.3000E-01  9.9600E-02  8.6182E-01  2.1774E-04  3.0950E+01  2.9691E-01  6.4291E-17  9.7672E-16  0.0000E+00  0.0000E+00
  8.4000E-01  1.0080E-01  8.6183E-01  2.3486E-04  3.0950E+01  2.9700E-01  1.3965E-17 -3.6868E-15  0.0000E+00  0.0000E+00
  8.5000E-01  1.0200E-01  8.6184E-01  2.4319E-04  3.0949E+01  2.9710E-01 -2.2055E-17  1.7471E-15  0.0000E+00  0.0000E+00
  8.6000E-01  1.0320E-01  8.6184E-01  2.5956E-04  3.0949E+01  2.9720E-01  1.5753E-17  2.8890E-16  0.0000E+00  0.0000E+00
  8.7000E-01  1.0440E-01  8.6185E-01  2.6794E-04  3.0948E+01  2.9730E-01  3.9426E-17  9.8593E-16  0.0000E+00  0.0000E+00
  8.8000E-01  1.0560E-01  8.6186E-01  2.8350E-04  3.0948E+01  2.9740E-01  1.2347E-17 -2.4442E-15  0.0000E+00  0.0000E+00
  8.9000E-01  1.0680E-01  8.6188E-01  2.9212E-04  3.0948E+01  2.9750E-01 -3.6871E-17 -2.0636E-16  0.0000E+00  0.0000E+00
  9.0000E-01  1.0800E-01  8.6189E-01  3.0700E-04  3.0947E+01  2.9760E-01 -7.9448E-17 -2.0866E-15  0.0000E+00  0.0000E+00
  9.1000E-01  1.0920E-01  8.6190E-01  3.1585E-04  3.0947E+01  2.9770E-01 -4.1895E-17  4.1090E-15  0.0000E+00  0.0000E+00
  9.2000E-01  1.1040E-01  8.6191E-01  3.3009E-04  3.0947E+01  2.9780E-01  5.4839E-17  1.1006E-15  0.0000E+00  0.0000E+00
  9.3000E-01  1.1160E-01  8.6192E-01  3.3961E-04  3.0946E+01  2.9790E-01  3.4487E-17 -2.1967E-15  0.0000E+00  0.0000E+00
  9.4000E-01  1.1280E-01  8.6194E-01  3.5332E-04  3.0946E+01  2.9802E-01  8.6005E-18  8.0257E-16  0.0000E+00  0.0000E+00
  9.5000E-01  1.1400E-01  8.6195E-01  3.6318E-04  3.0946E+01  2.9810E-01  1.7201E-17 -3.3938E-16  0.0000E+00  0.0000E+00
  9.6000E-01  1.1520E-01  8.6196E-01  3.7672E-04  3.0945E+01  2.9818E-01 -7.1529E-17 -4.4395E-15  0.0000E+00  0.0000E+00
  9.7000E-01  1.1640E-01  8.6198E-01  3.8954E-04  3.0945E+01  2.9827E-01 -3.2614E-17  6.5354E-15  0.0000E+00  0.0000E+00
  9.8000E-01  1.1760E-01  8.6199E-01  4.0036E-04  3.0945E+01  2.9849E-01 -1.3965E-17 -5.5311E-15  0.0000E+00  0.0000E+00
  9.9000E-01  1.1880E-01  8.6201E-01  4.1684E-04  3.0944E+01  2.9870E-01 -1.2134E-16 -2.5225E-16  0.0000E+00  0.0000E+00

      S        DMerc        DShear       DCurr       DWell       Dgeod
----------------------------------------------------------------------------------------------------
  1.0000E-02 -5.5735E+06  8.3234E-05 -1.1479E-01 -0.0000E+00 -5.5735E+06
  2.0000E-02 -2.9801E+04  1.8480E-04  5.5126E-04 -0.0000E+00 -2.9801E+04
  3.0000E-02 -1.6792E+03  1.0896E-04 -4.0974E-03 -0.0000E+00 -1.6792E+03
  4.0000E-02 -2.3335E+02  7.3559E-05 -3.3014E-03 -0.0000E+00 -2.3335E+02
  5.0000E-02 -5.3264E+01  1.6448E-06 -3.9676E-04 -0.0000E+00 -5.3263E+01
  6.0000E-02 -1.6646E+01  2.0357E-06  3.6022E-04 -0.0000E+00 -1.6646E+01
  7.0000E-02 -6.4374E+00  4.0631E-05  1.2382E-03 -0.0000E+00 -6.4387E+00
  8.0000E-02 -2.9020E+00  5.9754E-05  1.2168E-03 -0.0000E+00 -2.9033E+00
  9.0000E-02 -1.4696E+00  1.1818E-04  1.2965E-03 -0.0000E+00 -1.4710E+00
  1.0000E-01 -8.1632E-01  1.3139E-04  1.1037E-03 -0.0000E+00 -8.1755E-01
  1.1000E-01 -4.9013E-01  1.8317E-04  9.5889E-04 -0.0000E+00 -4.9127E-01
  1.2000E-01 -3.1489E-01  1.8570E-04  7.7116E-04 -0.0000E+00 -3.1585E-01
  1.3000E-01 -2.1526E-01  2.2609E-04  5.8843E-04 -0.0000E+00 -2.1608E-01
  1.4000E-01 -1.5534E-01  2.2068E-04  4.4970E-04 -0.0000E+00 -1.5601E-01
  1.5000E-01 -1.1777E-01  2.5083E-04  2.8440E-04 -0.0000E+00 -1.1831E-01
  1.6000E-01 -9.3147E-02  2.3939E-04  1.9504E-04 -0.0000E+00 -9.3581E-02
  1.7000E-01 -7.6615E-02  2.6031E-04  6.1637E-05 -0.0000E+00 -7.6937E-02
  1.8000E-01 -6.5363E-02  2.4447E-04  1.2184E-05 -0.0000E+00 -6.5620E-02
  1.9000E-01 -5.7430E-02  2.5808E-04 -9.0409E-05 -0.0000E+00 -5.7598E-02
  2.0000E-01 -5.1512E-02  2.3984E-04 -1.1087E-04 -0.0000E+00 -5.1641E-02
  2.1000E-01 -4.6921E-02  2.4839E-04 -1.8868E-04 -0.0000E+00 -4.6980E-02
  2.2000E-01 -4.2943E-02  2.2957E-04 -1.9038E-04 -0.0000E+00 -4.2982E-02
  2.3000E-01 -3.9605E-02  2.3482E-04 -2.4961E-04 -0.0000E+00 -3.9590E-02
  2.4000E-01 -3.7044E-02  2.1645E-04 -2.3944E-04 -0.0000E+00 -3.7021E-02
  2.5000E-01 -3.4917E-02  2.1945E-04 -2.8451E-04 -0.0000E+00 -3.4852E-02
  2.6000E-01 -3.3206E-02  2.0175E-04 -2.6640E-04 -0.0000E+00 -3.3141E-02
  2.7000E-01 -3.1702E-02  2.0302E-04 -3.0037E-04 -0.0000E+00 -3.1604E-02
  2.8000E-01 -3.0058E-02  1.8606E-04 -2.7740E-04 -0.0000E+00 -2.9966E-02
  2.9000E-01 -2.8431E-02  1.8601E-04 -3.0255E-04 -0.0000E+00 -2.8314E-02
  3.0000E-01 -2.7092E-02  1.6988E-04 -2.7666E-04 -0.0000E+00 -2.6985E-02
  3.1000E-01 -2.5878E-02  1.6885E-04 -2.9480E-04 -0.0000E+00 -2.5752E-02
  3.2000E-01 -2.4859E-02  1.5361E-04 -2.6740E-04 -0.0000E+00 -2.4745E-02
  3.3000E-01 -2.3934E-02  1.5181E-04 -2.8007E-04 -0.0000E+00 -2.3806E-02
  3.4000E-01 -2.2990E-02  1.3746E-04 -2.5233E-04 -0.0000E+00 -2.2875E-02
  3.5000E-01 -2.2005E-02  1.3506E-04 -2.6088E-04 -0.0000E+00 -2.1879E-02
  3.6000E-01 -2.1127E-02  1.2163E-04 -2.3356E-04 -0.0000E+00 -2.1015E-02
  3.7000E-01 -2.0326E-02  1.1883E-04 -2.3880E-04 -0.0000E+00 -2.0206E-02
  3.8000E-01 -1.9599E-02  1.0636E-04 -2.1241E-04 -0.0000E+00 -1.9493E-02
  3.9000E-01 -1.8917E-02  1.0332E-04 -2.1520E-04 -0.0000E+00 -1.8805E-02
  4.0000E-01 -1.8250E-02  9.1831E-05 -1.9017E-04 -0.0000E+00 -1.8151E-02
  4.1000E-01 -1.7585E-02  8.8666E-05 -1.9111E-04 -0.0000E+00 -1.7483E-02
  4.2000E-01 -1.6944E-02  7.8173E-05 -1.6774E-04 -0.0000E+00 -1.6854E-02
  4.3000E-01 -1.6331E-02  7.5001E-05 -1.6738E-04 -0.0000E+00 -1.6239E-02
  4.4000E-01 -1.5746E-02  6.5517E-05 -1.4584E-04 -0.0000E+00 -1.5665E-02
  4.5000E-01 -1.5219E-02  6.2438E-05 -1.4453E-04 -0.0000E+00 -1.5137E-02
  4.6000E-01 -1.4709E-02  5.3972E-05 -1.2494E-04 -0.0000E+00 -1.4638E-02
  4.7000E-01 -1.4210E-02  5.1063E-05 -1.2311E-04 -0.0000E+00 -1.4138E-02
  4.8000E-01 -1.3702E-02  4.3597E-05 -1.0557E-04 -0.0000E+00 -1.3640E-02
  4.9000E-01 -1.3222E-02  4.0919E-05 -1.0344E-04 -0.0000E+00 -1.3160E-02
  5.0000E-01 -1.2735E-02  3.4423E-05 -8.7874E-05 -0.0000E+00 -1.2681E-02
  5.1000E-01 -1.2286E-02  3.2010E-05 -8.5600E-05 -0.0000E+00 -1.2233E-02
  5.2000E-01 -1.1830E-02  2.6454E-05 -7.1895E-05 -0.0000E+00 -1.1785E-02
  5.3000E-01 -1.1433E-02  2.4324E-05 -6.9629E-05 -0.0000E+00 -1.1388E-02
  5.4000E-01 -1.1028E-02  1.9663E-05 -5.7710E-05 -0.0000E+00 -1.0990E-02
  5.5000E-01 -1.0690E-02  1.7835E-05 -5.5541E-05 -0.0000E+00 -1.0653E-02
  5.6000E-01 -1.0359E-02  1.4006E-05 -4.5295E-05 -0.0000E+00 -1.0328E-02
  5.7000E-01 -1.0023E-02  1.2486E-05 -4.3266E-05 -0.0000E+00 -9.9924E-03
  5.8000E-01 -9.6786E-03  9.4286E-06 -3.4550E-05 -0.0000E+00 -9.6535E-03
  5.9000E-01 -9.3452E-03  8.2102E-06 -3.2671E-05 -0.0000E+00 -9.3208E-03
  6.0000E-01 -9.0124E-03  5.8548E-06 -2.5323E-05 -0.0000E+00 -8.9930E-03
  6.1000E-01 -8.7337E-03  4.9238E-06 -2.3581E-05 -0.0000E+00 -8.7150E-03
  6.2000E-01 -8.4979E-03  3.2055E-06 -1.7455E-05 -0.0000E+00 -8.4836E-03
  6.3000E-01 -8.2465E-03  2.5463E-06 -1.5846E-05 -0.0000E+00 -8.2332E-03
  6.4000E-01 -7.9872E-03  1.4021E-06 -1.0789E-05 -0.0000E+00 -7.9778E-03
  6.5000E-01 -7.7120E-03  9.9350E-07 -9.2825E-06 -0.0000E+00 -7.7037E-03
  6.6000E-01 -7.4398E-03  3.6268E-07 -5.1467E-06 -0.0000E+00 -7.4351E-03
  6.7000E-01 -7.1970E-03  1.7831E-07 -3.7028E-06 -0.0000E+00 -7.1935E-03
  6.8000E-01 -7.0385E-03  1.9521E-09 -3.5667E-07 -0.0000E+00 -7.0381E-03
  6.9000E-01 -6.8738E-03  1.6431E-08  1.0675E-06 -0.0000E+00 -6.8749E-03
  7.0000E-01 -6.7076E-03  2.4053E-07  3.7670E-06 -0.0000E+00 -6.7116E-03
  7.1000E-01 -6.5153E-03  4.2847E-07  5.2091E-06 -0.0000E+00 -6.5209E-03
  7.2000E-01 -6.3228E-03  1.0025E-06  7.3866E-06 -0.0000E+00 -6.3312E-03
  7.3000E-01 -6.1143E-03  1.3386E-06  8.8933E-06 -0.0000E+00 -6.1245E-03
  7.4000E-01 -6.0042E-03  2.2151E-06  1.0645E-05 -0.0000E+00 -6.0170E-03
  7.5000E-01 -5.8656E-03  2.6811E-06  1.2240E-05 -0.0000E+00 -5.8805E-03
  7.6000E-01 -5.7629E-03  3.8215E-06  1.3674E-05 -0.0000E+00 -5.7804E-03
  7.7000E-01 -5.6331E-03  4.4023E-06  1.5400E-05 -0.0000E+00 -5.6529E-03
  7.8000E-01 -5.5209E-03  5.7710E-06  1.6632E-05 -0.0000E+00 -5.5433E-03
  7.9000E-01 -5.3893E-03  6.4489E-06  1.8524E-05 -0.0000E+00 -5.4142E-03
  8.0000E-01 -5.2962E-03  8.0078E-06  1.9610E-05 -0.0000E+00 -5.3238E-03
  8.1000E-01 -5.1820E-03  8.7773E-06  2.1643E-05 -0.0000E+00 -5.2124E-03
  8.2000E-01 -5.0953E-03  1.0494E-05  2.2649E-05 -0.0000E+00 -5.1284E-03
  8.3000E-01 -4.9997E-03  1.1354E-05  2.4853E-05 -0.0000E+00 -5.0359E-03
  8.4000E-01 -4.9202E-03  1.3209E-05  2.5864E-05 -0.0000E+00 -4.9592E-03
  8.5000E-01 -4.8335E-03  1.4163E-05  2.8274E-05 -0.0000E+00 -4.8759E-03
  8.6000E-01 -4.7606E-03  1.6132E-05  2.9344E-05 -0.0000E+00 -4.8060E-03
  8.7000E-01 -4.6847E-03  1.7191E-05  3.1922E-05 -0.0000E+00 -4.7338E-03
  8.8000E-01 -4.6173E-03  1.9245E-05  3.3091E-05 -0.0000E+00 -4.6697E-03
  8.9000E-01 -4.5509E-03  2.0433E-05  3.5798E-05 -0.0000E+00 -4.6071E-03
  9.0000E-01 -4.4880E-03  2.2567E-05  3.7094E-05 -0.0000E+00 -4.5477E-03
  9.1000E-01 -4.4341E-03  2.3886E-05  3.9983E-05 -0.0000E+00 -4.4980E-03
  9.2000E-01 -4.3780E-03  2.6088E-05  4.1480E-05 -0.0000E+00 -4.4455E-03
  9.3000E-01 -4.3322E-03  2.7614E-05  4.4462E-05 -0.0000E+00 -4.4042E-03
  9.4000E-01 -4.2669E-03  2.9887E-05  4.6157E-05 -0.0000E+00 -4.3430E-03
  9.5000E-01 -4.1581E-03  3.1578E-05  4.9215E-05 -0.0000E+00 -4.2389E-03
  9.6000E-01 -4.0514E-03  3.3976E-05  5.1149E-05 -0.0000E+00 -4.1366E-03
  9.7000E-01 -3.9300E-03  3.6327E-05  5.3733E-05 -0.0000E+00 -4.0201E-03
  9.8000E-01 -3.6708E-03  3.8371E-05  5.6324E-05 -0.0000E+00 -3.7655E-03
  9.9000E-01 -3.0190E-03  4.1595E-05  5.7728E-05 -0.0000E+00 -3.1183E-03
