      S          PHI         IOTA        SHEAR        VP         WELL        ITOR       ITOR'       PRES       PRES'
------------------------------------------------------------------------------------------------------------------------
  1.0000E-02  7.2000E-03  4.2311E-01 -9.2302E-03  5.5642E-01 -1.5042E-02 -1.0976E-16  2.7674E-14  0.0000E+00  0.0000E+00
  2.0000E-02  1.4400E-02  4.2308E-01 -2.5603E-03  5.5653E-01 -1.5606E-02 -9.1454E-17 -1.8531E-14  0.0000E+00  0.0000E+00
  3.0000E-02  2.1600E-02  4.2307E-01 -2.7756E-03  5.5664E-01 -1.5933E-02 -5.4498E-18  6.1445E-14  0.0000E+00  0.0000E+00
  4.0000E-02  2.8800E-02  4.2305E-01 -6.3854E-03  5.5676E-01 -1.6111E-02  1.1061E-16 -3.5262E-15  0.0000E+00  0.0000E+00
  5.0000E-02  3.6000E-02  4.2302E-01 -1.0447E-02  5.5687E-01 -1.6222E-02  4.5983E-18 -4.9357E-14  0.0000E+00  0.0000E+00
  6.0000E-02  4.3200E-02  4.2297E-01 -1.2971E-02  5.5699E-01 -1.6303E-02 -5.8245E-17  1.8006E-14  0.0000E+00  0.0000E+00
  7.0000E-02  5.0400E-02  4.2292E-01 -1.4892E-02  5.5711E-01 -1.6373E-02 -2.2514E-16 -1.0122E-13  0.0000E+00  0.0000E+00
  8.0000E-02  5.7600E-02  4.2286E-01 -1.5891E-02  5.5723E-01 -1.6434E-02 -7.9874E-17  1.7362E-13  0.0000E+00  0.0000E+00
  9.0000E-02  6.4800E-02  4.2279E-01 -1.6713E-02  5.5735E-01 -1.6486E-02  1.4221E-16 -6.2896E-14  0.0000E+00  0.0000E+00
  1.0000E-01  7.2000E-02  4.2272E-01 -1.7030E-02  5.5746E-01 -1.6531E-02 -3.2341E-16 -1.6913E-13  0.0000E+00  0.0000E+00
  1.1000E-01  7.9200E-02  4.2265E-01 -1.7337E-02  5.5758E-01 -1.6570E-02 -2.2106E-16  2.2008E-13  0.0000E+00  0.0000E+00
  1.2000E-01  8.6400E-02  4.2258E-01 -1.7321E-02  5.5770E-01 -1.6603E-02  1.9057E-16 -1.5014E-14  0.0000E+00  0.0000E+00
  1.3000E-01  9.3600E-02  4.2252E-01 -1.7354E-02  5.5782E-01 -1.6633E-02 -1.5157E-16 -1.5537E-13  0.0000E+00  0.0000E+00
  1.4000E-01  1.0080E-01  4.2245E-01 -1.7169E-02  5.5794E-01 -1.6658E-02 -2.5597E-16  1.0336E-13  0.0000E+00  0.0000E+00
  1.5000E-01  1.0800E-01  4.2238E-01 -1.7076E-02  5.5806E-01 -1.6681E-02  9.4520E-17  7.1122E-14  0.0000E+00  0.0000E+00
  1.6000E-01  1.1520E-01  4.2231E-01 -1.6833E-02  5.5818E-01 -1.6701E-02  2.1510E-16 -1.1103E-14  0.0000E+00  0.0000E+00
  1.7000E-01  1.2240E-01  4.2224E-01 -1.6694E-02  5.5830E-01 -1.6718E-02 -7.9703E-17 -1.3557E-13  0.0000E+00  0.0000E+00
  1.8000E-01  1.2960E-01  4.2217E-01 -1.6444E-02  5.5842E-01 -1.6732E-02 -3.3312E-16  9.4882E-15  0.0000E+00  0.0000E+00
  1.9000E-01  1.3680E-01  4.2211E-01 -1.6300E-02  5.5854E-01 -1.6745E-02 -2.2753E-16  4.3026E-14  0.0000E+00  0.0000E+00
  2.0000E-01  1.4400E-01  4.2204E-01 -1.6068E-02  5.5866E-01 -1.6756E-02 -1.0048E-16  2.0154E-14  0.0000E+00  0.0000E+00
  2.1000E-01  1.5120E-01  4.2198E-01 -1.5938E-02  5.5879E-01 -1.6766E-02  5.1432E-17  5.5368E-14  0.0000E+00  0.0000E+00
  2.2000E-01  1.5840E-01  4.2192E-01 -1.5732E-02  5.5891E-01 -1.6775E-02  2.2446E-16  3.0641E-14  0.0000E+00  0.0000E+00
  2.3000E-01  1.6560E-01  4.2185E-01 -1.5620E-02  5.5903E-01 -1.6783E-02  2.2140E-17 -1.3117E-13  0.0000E+00  0.0000E+00
  2.4000E-01  1.7280E-01  4.2179E-01 -1.5442E-02  5.5915E-01 -1.6791E-02 -6.0288E-16 -1.7936E-13  0.0000E+00  0.0000E+00
  2.5000E-01  1.8000E-01  4.2173E-01 -1.5349E-02  5.5927E-01 -1.6797E-02 -6.4308E-16  1.5936E-13  0.0000E+00  0.0000E+00
  2.6000E-01  1.8720E-01  4.2167E-01 -1.5197E-02  5.5939E-01 -1.6803E-02 -2.8952E-16  1.6237E-14  0.0000E+00  0.0000E+00
  2.7000E-01  1.9440E-01  4.2161E-01 -1.5123E-02  5.5951E-01 -1.6809E-02  2.8066E-16  2.6684E-13  0.0000E+00  0.0000E+00
  2.8000E-01  2.0160E-01  4.2155E-01 -1.4993E-02  5.5963E-01 -1.6814E-02  5.8892E-16 -1.1378E-13  0.0000E+00  0.0000E+00
  2.9000E-01  2.0880E-01  4.2148E-01 -1.4934E-02  5.5975E-01 -1.6818E-02  6.5398E-16  1.4604E-13  0.0000E+00  0.0000E+00
  3.0000E-01  2.1600E-01  4.2142E-01 -1.4822E-02  5.5987E-01 -1.6822E-02  1.8359E-16 -3.7939E-13  0.0000E+00  0.0000E+00
  3.1000E-01  2.2320E-01  4.2137E-01 -1.4772E-02  5.6000E-01 -1.6825E-02 -9.1931E-16 -1.6777E-13  0.0000E+00  0.0000E+00
  3.2000E-01  2.3040E-01  4.2131E-01 -1.4673E-02  5.6012E-01 -1.6829E-02 -5.8960E-16  3.3125E-13  0.0000E+00  0.0000E+00
  3.3000E-01  2.3760E-01  4.2125E-01 -1.4630E-02  5.6024E-01 -1.6832E-02 -1.5873E-16 -1.1754E-13  0.0000E+00  0.0000E+00
  3.4000E-01  2.4480E-01  4.2119E-01 -1.4541E-02  5.6036E-01 -1.6835E-02 -5.1398E-16 -5.8590E-14  0.0000E+00  0.0000E+00
  3.5000E-01  2.5200E-01  4.2113E-01 -1.4504E-02  5.6048E-01 -1.6839E-02 -5.6269E-16  3.4437E-14  0.0000E+00  0.0000E+00
  3.6000E-01  2.5920E-01  4.2107E-01 -1.4424E-02  5.6060E-01 -1.6843E-02 -4.8163E-16  5.7383E-15  0.0000E+00  0.0000E+00
  3.7000E-01  2.6640E-01  4.2101E-01 -1.4394E-02  5.6072E-01 -1.6848E-02 -6.6317E-16 -9.5674E-14  0.0000E+00  0.0000E+00
  3.8000E-01  2.7360E-01  4.2095E-01 -1.4322E-02  5.6084E-01 -1.6852E-02 -2.9190E-16  2.7954E-13  0.0000E+00  0.0000E+00
  3.9000E-01  2.8080E-01  4.2090E-01 -1.4296E-02  5.6097E-01 -1.6858E-02  7.1631E-16  2.1977E-13  0.0000E+00  0.0000E+00
  4.0000E-01  2.8800E-01  4.2084E-01 -1.4229E-02  5.6109E-01 -1.6863E-02  3.2188E-16 -4.1499E-13  0.0000E+00  0.0000E+00
  4.1000E-01  2.9520E-01  4.2078E-01 -1.4204E-02  5.6121E-01 -1.6869E-02 -2.9020E-16  1.1194E-13  0.0000E+00  0.0000E+00
  4.2000E-01  3.0240E-01  4.2072E-01 -1.4143E-02  5.6133E-01 -1.6875E-02 -7.9124E-16 -3.5986E-13  0.0000E+00  0.0000E+00
  4.3000E-01  3.0960E-01  4.2067E-01 -1.4119E-02  5.6145E-01 -1.6880E-02 -3.2154E-16  5.9217E-13  0.0000E+00  0.0000E+00
  4.4000E-01  3.1680E-01  4.2061E-01 -1.4061E-02  5.6157E-01 -1.6886E-02  7.4458E-16 -6.4697E-14  0.0000E+00  0.0000E+00
  4.5000E-01  3.2400E-01  4.2055E-01 -1.4037E-02  5.6169E-01 -1.6891E-02 -2.3025E-16 -4.1741E-13  0.0000E+00  0.0000E+00
  4.6000E-01  3.3120E-01  4.2050E-01 -1.3981E-02  5.6182E-01 -1.6897E-02 -8.9785E-16  8.7236E-14  0.0000E+00  0.0000E+00
  4.7000E-01  3.3840E-01  4.2044E-01 -1.3958E-02  5.6194E-01 -1.6902E-02 -3.1711E-16  1.9986E-13  0.0000E+00  0.0000E+00
  4.8000E-01  3.4560E-01  4.2038E-01 -1.3904E-02  5.6206E-01 -1.6907E-02  5.3135E-17 -1.6834E-14  0.0000E+00  0.0000E+00
  4.9000E-01  3.5280E-01  4.2033E-01 -1.3880E-02  5.6218E-01 -1.6913E-02 -1.9892E-16 -1.0771E-13  0.0000E+00  0.0000E+00
  5.0000E-01  3.6000E-01  4.2027E-01 -1.3828E-02  5.6230E-01 -1.6918E-02 -3.3073E-16  4.2570E-14  0.0000E+00  0.0000E+00
  5.1000E-01  3.6720E-01  4.2022E-01 -1.3804E-02  5.6242E-01 -1.6924E-02  1.4646E-17  1.2802E-13  0.0000E+00  0.0000E+00
  5.2000E-01  3.7440E-01  4.2016E-01 -1.3754E-02  5.6255E-01 -1.6929E-02 -4.3803E-16 -3.5152E-13  0.0000E+00  0.0000E+00
  5.3000E-01  3.8160E-01  4.2010E-01 -1.3731E-02  5.6267E-01 -1.6935E-02 -1.2088E-15 -2.9091E-14  0.0000E+00  0.0000E+00
  5.4000E-01  3.8880E-01  4.2005E-01 -1.3683E-02  5.6279E-01 -1.6940E-02 -3.6888E-16  4.4366E-13  0.0000E+00  0.0000E+00
  5.5000E-01  3.9600E-01  4.1999E-01 -1.3660E-02  5.6291E-01 -1.6945E-02  1.4987E-16 -1.8758E-13  0.0000E+00  0.0000E+00
  5.6000E-01  4.0320E-01  4.1994E-01 -1.3614E-02  5.6303E-01 -1.6951E-02 -4.2985E-16 -9.8474E-14  0.0000E+00  0.0000E+00
  5.7000E-01  4.1040E-01  4.1988E-01 -1.3591E-02  5.6316E-01 -1.6956E-02 -3.4742E-17  2.9334E-13  0.0000E+00  0.0000E+00
  5.8000E-01  4.1760E-01  4.1983E-01 -1.3547E-02  5.6328E-01 -1.6962E-02  6.4308E-16  4.0985E-14  0.0000E+00  0.0000E+00
  5.9000E-01  4.2480E-01  4.1977E-01 -1.3524E-02  5.6340E-01 -1.6968E-02  6.6692E-16 -2.9221E-14  0.0000E+00  0.0000E+00
  6.0000E-01  4.3200E-01  4.1972E-01 -1.3482E-02  5.6352E-01 -1.6973E-02  2.9974E-17 -2.8476E-13  0.0000E+00  0.0000E+00
  6.1000E-01  4.3920E-01  4.1966E-01 -1.3459E-02  5.6364E-01 -1.6978E-02 -2.6908E-16  1.3731E-13  0.0000E+00  0.0000E+00
  6.2000E-01  4.4640E-01  4.1961E-01 -1.3417E-02  5.6377E-01 -1.6984E-02  6.4784E-16  3.1450E-13  0.0000E+00  0.0000E+00
  6.3000E-01  4.5360E-01  4.1955E-01 -1.3395E-02  5.6389E-01 -1.6990E-02  1.8734E-16 -5.4129E-13  0.0000E+00  0.0000E+00
  6.4000E-01  4.6080E-01  4.1950E-01 -1.3354E-02  5.6401E-01 -1.6995E-02 -7.3095E-16  8.8909E-14  0.0000E+00  0.0000E+00
  6.5000E-01  4.6800E-01  4.1945E-01 -1.3331E-02  5.6413E-01 -1.7001E-02 -7.4390E-16 -9.5263E-14  0.0000E+00  0.0000E+00
  6.6000E-01  4.7520E-01  4.1939E-01 -1.3293E-02  5.6426E-01 -1.7006E-02  4.8094E-16  6.9822E-13  0.0000E+00  0.0000E+00
  6.7000E-01  4.8240E-01  4.1934E-01 -1.3268E-02  5.6438E-01 -1.7012E-02  8.6379E-16 -5.0964E-13  0.0000E+00  0.0000E+00
  6.8000E-01  4.8960E-01  4.1928E-01 -1.3230E-02  5.6450E-01 -1.7017E-02  2.5273E-16  2.0884E-13  0.0000E+00  0.0000E+00
  6.9000E-01  4.9680E-01  4.1923E-01 -1.3206E-02  5.6462E-01 -1.7023E-02  9.9323E-16  1.5551E-13  0.0000E+00  0.0000E+00
  7.0000E-01  5.0400E-01  4.1918E-01 -1.3169E-02  5.6475E-01 -1.7028E-02  4.4552E-16 -4.2487E-13  0.0000E+00  0.0000E+00
  7.1000E-01  5.1120E-01  4.1912E-01 -1.3144E-02  5.6487E-01 -1.7034E-02 -1.1853E-16  1.4740E-13  0.0000E+00  0.0000E+00
  7.2000E-01  5.1840E-01  4.1907E-01 -1.3108E-02  5.6499E-01 -1.7040E-02  9.7415E-17 -4.1196E-14  0.0000E+00  0.0000E+00
  7.3000E-01  5.2560E-01  4.1902E-01 -1.3083E-02  5.6511E-01 -1.7045E-02 -9.2238E-16 -4.6008E-13  0.0000E+00  0.0000E+00
  7.4000E-01  5.3280E-01  4.1896E-01 -1.3046E-02  5.6524E-01 -1.7050E-02 -1.4701E-15  1.9082E-13  0.0000E+00  0.0000E+00
  7.5000E-01  5.4000E-01  4.1891E-01 -1.3021E-02  5.6536E-01 -1.7056E-02 -8.2019E-16  1.2853E-13  0.0000E+00  0.0000E+00
  7.6000E-01  5.4720E-01  4.1886E-01 -1.2985E-02  5.6548E-01 -1.7062E-02 -8.1951E-16 -1.2816E-13  0.0000E+00  0.0000E+00
  7.7000E-01  5.5440E-01  4.1880E-01 -1.2959E-02  5.6561E-01 -1.7067E-02 -7.2755E-16  1.7330E-13  0.0000E+00  0.0000E+00
  7.8000E-01  5.6160E-01  4.1875E-01 -1.2924E-02  5.6573E-01 -1.7073E-02 -8.3109E-17  1.4316E-13  0.0000E+00  0.0000E+00
  7.9000E-01  5.6880E-01  4.1870E-01 -1.2897E-02  5.6585E-01 -1.7079E-02 -1.7167E-16 -1.8660E-13  0.0000E+00  0.0000E+00
  8.0000E-01  5.7600E-01  4.1865E-01 -1.2861E-02  5.6597E-01 -1.7084E-02 -2.1459E-16  1.6550E-13  0.0000E+00  0.0000E+00
  8.1000E-01  5.8320E-01  4.1859E-01 -1.2834E-02  5.6610E-01 -1.7090E-02  7.9499E-16  3.2992E-13  0.0000E+00  0.0000E+00
  8.2000E-01  5.9040E-01  4.1854E-01 -1.2798E-02  5.6622E-01 -1.7096E-02  1.1029E-15 -1.7880E-13  0.0000E+00  0.0000E+00
  8.3000E-01  5.9760E-01  4.1849E-01 -1.2770E-02  5.6634E-01 -1.7101E-02  2.7658E-16 -2.2654E-13  0.0000E+00  0.0000E+00
  8.4000E-01  6.0480E-01  4.1844E-01 -1.2735E-02  5.6647E-01 -1.7107E-02  2.9497E-16  2.3551E-13  0.0000E+00  0.0000E+00
  8.5000E-01  6.1200E-01  4.1839E-01 -1.2706E-02  5.6659E-01 -1.7113E-02 -1.1949E-15 -9.6587E-13  0.0000E+00  0.0000E+00
  8.6000E-01  6.1920E-01  4.1833E-01 -1.2671E-02  5.6671E-01 -1.7118E-02 -1.9224E-15  6.0904E-13  0.0000E+00  0.0000E+00
  8.7000E-01  6.2640E-01  4.1828E-01 -1.2641E-02  5.6684E-01 -1.7124E-02 -1.4088E-15 -3.5720E-13  0.0000E+00  0.0000E+00
  8.8000E-01  6.3360E-01  4.1823E-01 -1.2606E-02  5.6696E-01 -1.7130E-02 -1.8318E-15  1.4986E-13  0.0000E+00  0.0000E+00
  8.9000E-01  6.4080E-01  4.1818E-01 -1.2575E-02  5.6708E-01 -1.7136E-02 -5.9811E-16  4.5448E-13  0.0000E+00  0.0000E+00
  9.0000E-01  6.4800E-01  4.1813E-01 -1.2540E-02  5.6721E-01 -1.7141E-02  1.8189E-16 -7.2395E-14  0.0000E+00  0.0000E+00
  9.1000E-01  6.5520E-01  4.1808E-01 -1.2507E-02  5.6733E-01 -1.7147E-02 -1.9142E-16 -1.1040E-13  0.0000E+00  0.0000E+00
  9.2000E-01  6.6240E-01  4.1803E-01 -1.2472E-02  5.6745E-01 -1.7153E-02 -2.4865E-16  8.2367E-14  0.0000E+00  0.0000E+00
  9.3000E-01  6.6960E-01  4.1798E-01 -1.2439E-02  5.6758E-01 -1.7159E-02 -4.6323E-16 -1.8737E-13  0.0000E+00  0.0000E+00
  9.4000E-01  6.7680E-01  4.1793E-01 -1.2404E-02  5.6770E-01 -1.7164E-02 -5.8313E-16  1.2866E-13  0.0000E+00  0.0000E+00
  9.5000E-01  6.8400E-01  4.1787E-01 -1.2369E-02  5.6782E-01 -1.7170E-02  4.3598E-17  1.7796E-13  0.0000E+00  0.0000E+00
  9.6000E-01  6.9120E-01  4.1782E-01 -1.2327E-02  5.6795E-01 -1.7176E-02  6.0084E-16  9.4623E-14  0.0000E+00  0.0000E+00
  9.7000E-01  6.9840E-01  4.1777E-01 -1.2288E-02  5.6807E-01 -1.7182E-02 -3.6241E-16 -5.6562E-13  0.0000E+00  0.0000E+00
  9.8000E-01  7.0560E-01  4.1772E-01 -1.2251E-02  5.6820E-01 -1.7187E-02 -1.3877E-15  6.4276E-14  0.0000E+00  0.0000E+00
  9.9000E-01  7.1280E-01  4.1767E-01 -1.2203E-02  5.6832E-01 -1.7195E-02 -7.4594E-16  2.4939E-13  0.0000E+00  0.0000E+00

      S        DMerc        DShear       DCurr       DWell       Dgeod
----------------------------------------------------------------------------------------------------
  1.0000E-02 -1.1833E+04  6.5942E-06 -8.5750E-04  0.0000E+00 -1.1833E+04
  2.0000E-02 -6.1457E+01  5.0756E-07  1.1959E-04  0.0000E+00 -6.1457E+01
  3.0000E-02 -3.2340E+00  5.9678E-07  9.2526E-05  0.0000E+00 -3.2341E+00
  4.0000E-02 -4.2914E-01  3.1597E-06  1.6321E-04  0.0000E+00 -4.2930E-01
  5.0000E-02 -9.8760E-02  8.4611E-06  2.0017E-04  0.0000E+00 -9.8968E-02
  6.0000E-02 -3.2741E-02  1.3049E-05  1.9087E-04  0.0000E+00 -3.2945E-02
  7.0000E-02 -1.3766E-02  1.7209E-05  1.6799E-04  0.0000E+00 -1.3951E-02
  8.0000E-02 -6.7383E-03  1.9603E-05  1.3893E-04  0.0000E+00 -6.8968E-03
  9.0000E-02 -3.6370E-03  2.1691E-05  1.1293E-04  0.0000E+00 -3.7716E-03
  1.0000E-01 -2.1023E-03  2.2533E-05  9.0558E-05  0.0000E+00 -2.2153E-03
  1.1000E-01 -1.2798E-03  2.3362E-05  7.2368E-05  0.0000E+00 -1.3755E-03
  1.2000E-01 -8.0981E-04  2.3328E-05  5.8094E-05  0.0000E+00 -8.9123E-04
  1.3000E-01 -5.2882E-04  2.3429E-05  4.6603E-05  0.0000E+00 -5.9885E-04
  1.4000E-01 -3.5244E-04  2.2940E-05  3.8051E-05  0.0000E+00 -4.1343E-04
  1.5000E-01 -2.3831E-04  2.2702E-05  3.1036E-05  0.0000E+00 -2.9205E-04
  1.6000E-01 -1.6206E-04  2.2070E-05  2.6024E-05  0.0000E+00 -2.1015E-04
  1.7000E-01 -1.1056E-04  2.1718E-05  2.1742E-05  0.0000E+00 -1.5402E-04
  1.8000E-01 -7.4813E-05  2.1081E-05  1.8810E-05  0.0000E+00 -1.1470E-04
  1.9000E-01 -5.0212E-05  2.0723E-05  1.6120E-05  0.0000E+00 -8.7054E-05
  2.0000E-01 -3.2633E-05  2.0144E-05  1.4362E-05  0.0000E+00 -6.7139E-05
  2.1000E-01 -2.0352E-05  1.9829E-05  1.2574E-05  0.0000E+00 -5.2755E-05
  2.2000E-01 -1.1280E-05  1.9328E-05  1.1475E-05  0.0000E+00 -4.2083E-05
  2.3000E-01 -4.8737E-06  1.9062E-05  1.0221E-05  0.0000E+00 -3.4157E-05
  2.4000E-01  4.1987E-08  1.8637E-05  9.5000E-06  0.0000E+00 -2.8095E-05
  2.5000E-01  3.5039E-06  1.8423E-05  8.5624E-06  0.0000E+00 -2.3482E-05
  2.6000E-01  6.2959E-06  1.8066E-05  8.0604E-06  0.0000E+00 -1.9831E-05
  2.7000E-01  8.2460E-06  1.7899E-05  7.3163E-06  0.0000E+00 -1.6970E-05
  2.8000E-01  9.9040E-06  1.7601E-05  6.9411E-06  0.0000E+00 -1.4638E-05
  2.9000E-01  1.1035E-05  1.7469E-05  6.3288E-06  0.0000E+00 -1.2763E-05
  3.0000E-01  1.2070E-05  1.7215E-05  6.0370E-06  0.0000E+00 -1.1181E-05
  3.1000E-01  1.2738E-05  1.7108E-05  5.5212E-06  0.0000E+00 -9.8919E-06
  3.2000E-01  1.3407E-05  1.6885E-05  5.2960E-06  0.0000E+00 -8.7737E-06
  3.3000E-01  1.3811E-05  1.6794E-05  4.8595E-06  0.0000E+00 -7.8428E-06
  3.4000E-01  1.4243E-05  1.6598E-05  4.6794E-06  0.0000E+00 -7.0338E-06
  3.5000E-01  1.4453E-05  1.6522E-05  4.2983E-06  0.0000E+00 -6.3675E-06
  3.6000E-01  1.4727E-05  1.6347E-05  4.1503E-06  0.0000E+00 -5.7708E-06
  3.7000E-01  1.4823E-05  1.6286E-05  3.8081E-06  0.0000E+00 -5.2716E-06
  3.8000E-01  1.4996E-05  1.6131E-05  3.6818E-06  0.0000E+00 -4.8161E-06
  3.9000E-01  1.5022E-05  1.6077E-05  3.3779E-06  0.0000E+00 -4.4329E-06
  4.0000E-01  1.5134E-05  1.5935E-05  3.2733E-06  0.0000E+00 -4.0751E-06
  4.1000E-01  1.5128E-05  1.5886E-05  3.0057E-06  0.0000E+00 -3.7640E-06
  4.2000E-01  1.5202E-05  1.5756E-05  2.9169E-06  0.0000E+00 -3.4708E-06
  4.3000E-01  1.5168E-05  1.5710E-05  2.6791E-06  0.0000E+00 -3.2203E-06
  4.4000E-01  1.5211E-05  1.5587E-05  2.6065E-06  0.0000E+00 -2.9825E-06
  4.5000E-01  1.5157E-05  1.5542E-05  2.3957E-06  0.0000E+00 -2.7808E-06
  4.6000E-01  1.5180E-05  1.5424E-05  2.3408E-06  0.0000E+00 -2.5856E-06
  4.7000E-01  1.5129E-05  1.5380E-05  2.1542E-06  0.0000E+00 -2.4054E-06
  4.8000E-01  1.5148E-05  1.5267E-05  2.1100E-06  0.0000E+00 -2.2290E-06
  4.9000E-01  1.5092E-05  1.5222E-05  1.9481E-06  0.0000E+00 -2.0779E-06
  5.0000E-01  1.5098E-05  1.5114E-05  1.9136E-06  0.0000E+00 -1.9300E-06
  5.1000E-01  1.5030E-05  1.5070E-05  1.7696E-06  0.0000E+00 -1.8091E-06
  5.2000E-01  1.5015E-05  1.4967E-05  1.7413E-06  0.0000E+00 -1.6937E-06
  5.3000E-01  1.4946E-05  1.4923E-05  1.6122E-06  0.0000E+00 -1.5889E-06
  5.4000E-01  1.4932E-05  1.4825E-05  1.5917E-06  0.0000E+00 -1.4843E-06
  5.5000E-01  1.4865E-05  1.4781E-05  1.4722E-06  0.0000E+00 -1.3877E-06
  5.6000E-01  1.4851E-05  1.4688E-05  1.4544E-06  0.0000E+00 -1.2917E-06
  5.7000E-01  1.4776E-05  1.4645E-05  1.3437E-06  0.0000E+00 -1.2133E-06
  5.8000E-01  1.4747E-05  1.4557E-05  1.3288E-06  0.0000E+00 -1.1389E-06
  5.9000E-01  1.4669E-05  1.4515E-05  1.2268E-06  0.0000E+00 -1.0723E-06
  6.0000E-01  1.4640E-05  1.4430E-05  1.2157E-06  0.0000E+00 -1.0059E-06
  6.1000E-01  1.4562E-05  1.4387E-05  1.1210E-06  0.0000E+00 -9.4603E-07
  6.2000E-01  1.4532E-05  1.4304E-05  1.1141E-06  0.0000E+00 -8.8627E-07
  6.3000E-01  1.4451E-05  1.4262E-05  1.0233E-06  0.0000E+00 -8.3484E-07
  6.4000E-01  1.4413E-05  1.4183E-05  1.0175E-06  0.0000E+00 -7.8723E-07
  6.5000E-01  1.4328E-05  1.4140E-05  9.3356E-07  0.0000E+00 -7.4531E-07
  6.6000E-01  1.4288E-05  1.4064E-05  9.2824E-07  0.0000E+00 -7.0453E-07
  6.7000E-01  1.4206E-05  1.4019E-05  8.5205E-07  0.0000E+00 -6.6564E-07
  6.8000E-01  1.4169E-05  1.3945E-05  8.4866E-07  0.0000E+00 -6.2439E-07
  6.9000E-01  1.4087E-05  1.3900E-05  7.7634E-07  0.0000E+00 -5.8876E-07
  7.0000E-01  1.4044E-05  1.3828E-05  7.7426E-07  0.0000E+00 -5.5781E-07
  7.1000E-01  1.3957E-05  1.3782E-05  7.0475E-07  0.0000E+00 -5.2994E-07
  7.2000E-01  1.3913E-05  1.3712E-05  7.0285E-07  0.0000E+00 -5.0204E-07
  7.3000E-01  1.3828E-05  1.3665E-05  6.3915E-07  0.0000E+00 -4.7624E-07
  7.4000E-01  1.3785E-05  1.3595E-05  6.4107E-07  0.0000E+00 -4.5112E-07
  7.5000E-01  1.3699E-05  1.3547E-05  5.8044E-07  0.0000E+00 -4.2831E-07
  7.6000E-01  1.3652E-05  1.3479E-05  5.8130E-07  0.0000E+00 -4.0805E-07
  7.7000E-01  1.3566E-05  1.3431E-05  5.2482E-07  0.0000E+00 -3.8939E-07
  7.8000E-01  1.3517E-05  1.3364E-05  5.2381E-07  0.0000E+00 -3.7092E-07
  7.9000E-01  1.3435E-05  1.3314E-05  4.7448E-07  0.0000E+00 -3.5344E-07
  8.0000E-01  1.3384E-05  1.3246E-05  4.7433E-07  0.0000E+00 -3.3673E-07
  8.1000E-01  1.3302E-05  1.3196E-05  4.2874E-07  0.0000E+00 -3.2219E-07
  8.2000E-01  1.3249E-05  1.3129E-05  4.2808E-07  0.0000E+00 -3.0827E-07
  8.3000E-01  1.3170E-05  1.3076E-05  3.8883E-07  0.0000E+00 -2.9570E-07
  8.4000E-01  1.3113E-05  1.3010E-05  3.8664E-07  0.0000E+00 -2.8387E-07
  8.5000E-01  1.3035E-05  1.2957E-05  3.5059E-07  0.0000E+00 -2.7332E-07
  8.6000E-01  1.2977E-05  1.2891E-05  3.4848E-07  0.0000E+00 -2.6294E-07
  8.7000E-01  1.2901E-05  1.2836E-05  3.1899E-07  0.0000E+00 -2.5401E-07
  8.8000E-01  1.2841E-05  1.2770E-05  3.1643E-07  0.0000E+00 -2.4516E-07
  8.9000E-01  1.2768E-05  1.2713E-05  2.9191E-07  0.0000E+00 -2.3654E-07
  9.0000E-01  1.2706E-05  1.2647E-05  2.8852E-07  0.0000E+00 -2.2958E-07
  9.1000E-01  1.2634E-05  1.2588E-05  2.7088E-07  0.0000E+00 -2.2424E-07
  9.2000E-01  1.2570E-05  1.2521E-05  2.6792E-07  0.0000E+00 -2.1899E-07
  9.3000E-01  1.2496E-05  1.2462E-05  2.5102E-07  0.0000E+00 -2.1673E-07
  9.4000E-01  1.2424E-05  1.2397E-05  2.4408E-07  0.0000E+00 -2.1684E-07
  9.5000E-01  1.2359E-05  1.2333E-05  2.3919E-07  0.0000E+00 -2.1298E-07
  9.6000E-01  1.2312E-05  1.2255E-05  2.5810E-07  0.0000E+00 -2.0022E-07
  9.7000E-01  1.2255E-05  1.2181E-05  2.6851E-07  0.0000E+00 -1.9508E-07
  9.8000E-01  1.2186E-05  1.2113E-05  2.6924E-07  0.0000E+00 -1.9654E-07
  9.9000E-01  1.2154E-05  1.2025E-05  3.0499E-07  0.0000E+00 -1.7574E-07
