      S          PHI         IOTA        SHEAR        VP         WELL        ITOR       ITOR'       PRES       PRES'
------------------------------------------------------------------------------------------------------------------------
  1.0000E-02  3.0000E-03  8.6582E-01 -1.0627E-03  3.0699E+01  1.9124E-01  1.1996E-17  9.5466E-17  0.0000E+00  0.0000E+00
  2.0000E-02  6.0000E-03  8.6577E-01 -1.4561E-04  3.0698E+01  2.5423E-01  1.2347E-18 -3.2917E-16  0.0000E+00  0.0000E+00
  3.0000E-02  9.0000E-03  8.6574E-01 -4.5517E-04  3.0697E+01  2.7641E-01 -3.0293E-17 -3.5553E-16  0.0000E+00  0.0000E+00
  4.0000E-02  1.2000E-02  8.6569E-01 -6.4482E-04  3.0696E+01  2.8824E-01 -9.7500E-18  8.0170E-16  0.0000E+00  0.0000E+00
  5.0000E-02  1.5000E-02  8.6562E-01 -9.1254E-04  3.0695E+01  2.9177E-01 -5.9181E-18 -7.1850E-16  0.0000E+00  0.0000E+00
  6.0000E-02  1.8000E-02  8.6553E-01 -9.7504E-04  3.0695E+01  2.9156E-01 -3.5594E-17  7.3979E-17  0.0000E+00  0.0000E+00
  7.0000E-02  2.1000E-02  8.6543E-01 -1.1022E-03  3.0694E+01  2.8965E-01 -4.3854E-18  6.0387E-16  0.0000E+00  0.0000E+00
  8.0000E-02  2.4000E-02  8.6533E-01 -1.0921E-03  3.0693E+01  2.8727E-01  1.4902E-17 -1.8496E-16  0.0000E+00  0.0000E+00
  9.0000E-02  2.7000E-02  8.6523E-01 -1.1404E-03  3.0692E+01  2.8496E-01 -1.3241E-17 -4.2634E-16  0.0000E+00  0.0000E+00
  1.0000E-01  3.0000E-02  8.6513E-01 -1.0941E-03  3.0691E+01  2.8294E-01 -7.4935E-18  5.5120E-16  0.0000E+00  0.0000E+00
  1.1000E-01  3.3000E-02  8.6503E-01 -1.1051E-03  3.0690E+01  2.8133E-01  3.7638E-17  4.2914E-16  0.0000E+00  0.0000E+00
  1.2000E-01  3.6000E-02  8.6493E-01 -1.0485E-03  3.0689E+01  2.8013E-01  4.9091E-17 -1.8035E-16  0.0000E+00  0.0000E+00
  1.3000E-01  3.9000E-02  8.6483E-01 -1.0435E-03  3.0689E+01  2.7920E-01 -5.4072E-18 -1.0035E-15  0.0000E+00  0.0000E+00
  1.4000E-01  4.2000E-02  8.6474E-01 -9.8221E-04  3.0688E+01  2.7848E-01  1.2773E-17  1.3985E-15  0.0000E+00  0.0000E+00
  1.5000E-01  4.5000E-02  8.6465E-01 -9.6641E-04  3.0687E+01  2.7797E-01  2.2395E-17 -1.1895E-15  0.0000E+00  0.0000E+00
  1.6000E-01  4.8000E-02  8.6456E-01 -9.0478E-04  3.0686E+01  2.7762E-01  1.5072E-17  1.0304E-15  0.0000E+00  0.0000E+00
  1.7000E-01  5.1000E-02  8.6448E-01 -8.8299E-04  3.0685E+01  2.7736E-01 -1.8989E-17 -1.7705E-15  0.0000E+00  0.0000E+00
  1.8000E-01  5.4000E-02  8.6440E-01 -8.2035E-04  3.0684E+01  2.7717E-01 -9.5542E-17  1.0730E-16  0.0000E+00  0.0000E+00
  1.9000E-01  5.7000E-02  8.6433E-01 -7.9351E-04  3.0684E+01  2.7703E-01 -6.4205E-17  5.7354E-16  0.0000E+00  0.0000E+00
  2.0000E-01  6.0000E-02  8.6426E-01 -7.3205E-04  3.0683E+01  2.7692E-01  2.8867E-17  1.4487E-15  0.0000E+00  0.0000E+00
  2.1000E-01  6.3000E-02  8.6419E-01 -7.0334E-04  3.0682E+01  2.7685E-01  8.4131E-17 -2.4793E-16  0.0000E+00  0.0000E+00
  2.2000E-01  6.6000E-02  8.6413E-01 -6.4341E-04  3.0681E+01  2.7680E-01 -4.9389E-18 -1.6875E-15  0.0000E+00  0.0000E+00
  2.3000E-01  6.9000E-02  8.6407E-01 -6.1247E-04  3.0680E+01  2.7675E-01 -1.6179E-17  1.4433E-15  0.0000E+00  0.0000E+00
  2.4000E-01  7.2000E-02  8.6402E-01 -5.5347E-04  3.0679E+01  2.7672E-01  1.4306E-17 -7.8086E-16  0.0000E+00  0.0000E+00
  2.5000E-01  7.5000E-02  8.6397E-01 -5.2092E-04  3.0679E+01  2.7672E-01 -1.9500E-17  4.6261E-17  0.0000E+00  0.0000E+00
  2.6000E-01  7.8000E-02  8.6392E-01 -4.6295E-04  3.0678E+01  2.7673E-01 -2.4524E-17 -1.5544E-16  0.0000E+00  0.0000E+00
  2.7000E-01  8.1000E-02  8.6388E-01 -4.2931E-04  3.0677E+01  2.7677E-01 -5.3817E-17 -4.8114E-16  0.0000E+00  0.0000E+00
  2.8000E-01  8.4000E-02  8.6385E-01 -3.7281E-04  3.0676E+01  2.7681E-01  8.6005E-18  1.8376E-15  0.0000E+00  0.0000E+00
  2.9000E-01  8.7000E-02  8.6381E-01 -3.3871E-04  3.0675E+01  2.7687E-01  1.2236E-16  6.3477E-16  0.0000E+00  0.0000E+00
  3.0000E-01  9.0000E-02  8.6378E-01 -2.8366E-04  3.0674E+01  2.7693E-01  1.3940E-16 -2.6465E-16  0.0000E+00  0.0000E+00
  3.1000E-01  9.3000E-02  8.6376E-01 -2.4930E-04  3.0674E+01  2.7699E-01  1.3454E-17 -2.4726E-15  0.0000E+00  0.0000E+00
  3.2000E-01  9.6000E-02  8.6374E-01 -1.9574E-04  3.0673E+01  2.7705E-01 -6.7441E-17  7.1440E-16  0.0000E+00  0.0000E+00
  3.3000E-01  9.9000E-02  8.6372E-01 -1.6149E-04  3.0672E+01  2.7711E-01 -3.4061E-18  6.7741E-16  0.0000E+00  0.0000E+00
  3.4000E-01  1.0200E-01  8.6371E-01 -1.0944E-04  3.0671E+01  2.7719E-01  5.3050E-17  5.4971E-16  0.0000E+00  0.0000E+00
  3.5000E-01  1.0500E-01  8.6370E-01 -7.5084E-05  3.0670E+01  2.7726E-01  7.2210E-17 -1.3327E-16  0.0000E+00  0.0000E+00
  3.6000E-01  1.0800E-01  8.6370E-01 -2.3945E-05  3.0669E+01  2.7734E-01  2.9122E-17 -8.0333E-16  0.0000E+00  0.0000E+00
  3.7000E-01  1.1100E-01  8.6370E-01  1.0804E-05  3.0669E+01  2.7741E-01  5.9607E-18  2.9987E-16  0.0000E+00  0.0000E+00
  3.8000E-01  1.1400E-01  8.6370E-01  6.1299E-05  3.0668E+01  2.7750E-01  1.5242E-17 -9.8108E-17  0.0000E+00  0.0000E+00
  3.9000E-01  1.1700E-01  8.6371E-01  9.6759E-05  3.0667E+01  2.7758E-01 -1.2773E-18 -2.6101E-16  0.0000E+00  0.0000E+00
  4.0000E-01  1.2000E-01  8.6372E-01  1.4691E-04  3.0666E+01  2.7767E-01 -1.2773E-18  2.6102E-16  0.0000E+00  0.0000E+00
  4.1000E-01  1.2300E-01  8.6373E-01  1.8265E-04  3.0665E+01  2.7777E-01  4.5216E-17  7.4975E-16  0.0000E+00  0.0000E+00
  4.2000E-01  1.2600E-01  8.6375E-01  2.3179E-04  3.0664E+01  2.7788E-01  6.3439E-17 -3.5360E-16  0.0000E+00  0.0000E+00
  4.3000E-01  1.2900E-01  8.6378E-01  2.6723E-04  3.0664E+01  2.7798E-01 -2.3928E-17 -1.5459E-15  0.0000E+00  0.0000E+00
  4.4000E-01  1.3200E-01  8.6380E-01  3.1514E-04  3.0663E+01  2.7809E-01 -3.0144E-17  1.4108E-15  0.0000E+00  0.0000E+00
  4.5000E-01  1.3500E-01  8.6383E-01  3.5022E-04  3.0662E+01  2.7819E-01  8.7026E-17  1.1368E-15  0.0000E+00  0.0000E+00
  4.6000E-01  1.3800E-01  8.6387E-01  3.9713E-04  3.0661E+01  2.7829E-01  9.7245E-17 -9.1463E-16  0.0000E+00  0.0000E+00
  4.7000E-01  1.4100E-01  8.6390E-01  4.3199E-04  3.0660E+01  2.7838E-01  5.9863E-17  1.0183E-16  0.0000E+00  0.0000E+00
  4.8000E-01  1.4400E-01  8.6395E-01  4.7837E-04  3.0659E+01  2.7848E-01  2.7164E-17 -8.1285E-16  0.0000E+00  0.0000E+00
  4.9000E-01  1.4700E-01  8.6399E-01  5.1372E-04  3.0659E+01  2.7857E-01  5.7734E-17  1.4776E-15  0.0000E+00  0.0000E+00
  5.0000E-01  1.5000E-01  8.6404E-01  5.5987E-04  3.0658E+01  2.7868E-01  7.3232E-17 -1.1406E-15  0.0000E+00  0.0000E+00
  5.1000E-01  1.5300E-01  8.6409E-01  5.9541E-04  3.0657E+01  2.7877E-01  5.0581E-17  6.4811E-16  0.0000E+00  0.0000E+00
  5.2000E-01  1.5600E-01  8.6415E-01  6.4129E-04  3.0656E+01  2.7890E-01 -5.7223E-17 -2.9925E-15  0.0000E+00  0.0000E+00
  5.3000E-01  1.5900E-01  8.6421E-01  6.7715E-04  3.0655E+01  2.7902E-01 -8.6941E-17  2.3463E-15  0.0000E+00  0.0000E+00
  5.4000E-01  1.6200E-01  8.6428E-01  7.2265E-04  3.0654E+01  2.7916E-01  8.7112E-17  1.4389E-15  0.0000E+00  0.0000E+00
  5.5000E-01  1.6500E-01  8.6434E-01  7.5868E-04  3.0654E+01  2.7930E-01  1.2739E-16 -5.6299E-16  0.0000E+00  0.0000E+00
  5.6000E-01  1.6800E-01  8.6442E-01  8.0383E-04  3.0653E+01  2.7946E-01 -1.1240E-17 -2.4520E-15  0.0000E+00  0.0000E+00
  5.7000E-01  1.7100E-01  8.6449E-01  8.3994E-04  3.0652E+01  2.7962E-01 -6.1140E-17  1.3668E-15  0.0000E+00  0.0000E+00
  5.8000E-01  1.7400E-01  8.6457E-01  8.8481E-04  3.0651E+01  2.7980E-01  3.2018E-17  6.5935E-16  0.0000E+00  0.0000E+00
  5.9000E-01  1.7700E-01  8.6465E-01  9.2119E-04  3.0650E+01  2.7997E-01 -1.7031E-17 -1.7262E-15  0.0000E+00  0.0000E+00
  6.0000E-01  1.8000E-01  8.6474E-01  9.6589E-04  3.0649E+01  2.8016E-01  2.0096E-17  2.5338E-15  0.0000E+00  0.0000E+00
  6.1000E-01  1.8300E-01  8.6483E-01  1.0026E-03  3.0649E+01  2.8035E-01  4.9900E-17 -1.8856E-15  0.0000E+00  0.0000E+00
  6.2000E-01  1.8600E-01  8.6493E-01  1.0473E-03  3.0648E+01  2.8056E-01 -7.9363E-17 -9.2615E-16  0.0000E+00  0.0000E+00
  6.3000E-01  1.8900E-01  8.6502E-01  1.0845E-03  3.0647E+01  2.8076E-01 -8.2598E-17  8.5578E-16  0.0000E+00  0.0000E+00
  6.4000E-01  1.9200E-01  8.6513E-01  1.1291E-03  3.0646E+01  2.8098E-01 -1.2977E-16 -1.8820E-15  0.0000E+00  0.0000E+00
  6.5000E-01  1.9500E-01  8.6523E-01  1.1667E-03  3.0645E+01  2.8120E-01 -4.5131E-17  3.7234E-15  0.0000E+00  0.0000E+00
  6.6000E-01  1.9800E-01  8.6534E-01  1.2113E-03  3.0644E+01  2.8143E-01  6.6760E-17 -1.2893E-15  0.0000E+00  0.0000E+00
  6.7000E-01  2.0100E-01  8.6545E-01  1.2492E-03  3.0644E+01  2.8168E-01  1.7542E-17  2.1860E-16  0.0000E+00  0.0000E+00
  6.8000E-01  2.0400E-01  8.6557E-01  1.2938E-03  3.0643E+01  2.8193E-01 -5.6882E-17 -1.8378E-15  0.0000E+00  0.0000E+00
  6.9000E-01  2.0700E-01  8.6569E-01  1.3322E-03  3.0642E+01  2.8219E-01 -1.2228E-16  4.1499E-16  0.0000E+00  0.0000E+00
  7.0000E-01  2.1000E-01  8.6582E-01  1.3769E-03  3.0641E+01  2.8245E-01 -7.2039E-17  6.7809E-16  0.0000E+00  0.0000E+00
  7.1000E-01  2.1300E-01  8.6594E-01  1.4157E-03  3.0640E+01  2.8272E-01 -4.9559E-17 -1.8898E-16  0.0000E+00  0.0000E+00
  7.2000E-01  2.1600E-01  8.6608E-01  1.4604E-03  3.0639E+01  2.8300E-01  2.5887E-17  1.8306E-15  0.0000E+00  0.0000E+00
  7.3000E-01  2.1900E-01  8.6621E-01  1.4997E-03  3.0638E+01  2.8330E-01 -2.5546E-18 -2.4495E-15  0.0000E+00  0.0000E+00
  7.4000E-01  2.2200E-01  8.6635E-01  1.5445E-03  3.0638E+01  2.8359E-01 -7.7149E-17  8.2640E-16  0.0000E+00  0.0000E+00
  7.5000E-01  2.2500E-01  8.6650E-01  1.5844E-03  3.0637E+01  2.8391E-01 -3.5764E-17  7.4119E-17  0.0000E+00  0.0000E+00
  7.6000E-01  2.2800E-01  8.6664E-01  1.6293E-03  3.0636E+01  2.8422E-01 -8.9751E-17 -1.2489E-15  0.0000E+00  0.0000E+00
  7.7000E-01  2.3100E-01  8.6680E-01  1.6696E-03  3.0635E+01  2.8455E-01 -7.2891E-17  1.6159E-15  0.0000E+00  0.0000E+00
  7.8000E-01  2.3400E-01  8.6695E-01  1.7146E-03  3.0634E+01  2.8489E-01  4.9389E-18  7.7831E-17  0.0000E+00  0.0000E+00
  7.9000E-01  2.3700E-01  8.6711E-01  1.7556E-03  3.0633E+01  2.8525E-01  5.8245E-17  1.0823E-15  0.0000E+00  0.0000E+00
  8.0000E-01  2.4000E-01  8.6727E-01  1.8008E-03  3.0632E+01  2.8560E-01  4.9729E-17 -1.2676E-15  0.0000E+00  0.0000E+00
  8.1000E-01  2.4300E-01  8.6744E-01  1.8423E-03  3.0632E+01  2.8598E-01  4.6494E-17  1.1972E-15  0.0000E+00  0.0000E+00
  8.2000E-01  2.4600E-01  8.6761E-01  1.8876E-03  3.0631E+01  2.8636E-01  2.8271E-17 -1.5939E-15  0.0000E+00  0.0000E+00
  8.3000E-01  2.4900E-01  8.6779E-01  1.9297E-03  3.0630E+01  2.8676E-01  3.8830E-17  1.8237E-15  0.0000E+00  0.0000E+00
  8.4000E-01  2.5200E-01  8.6797E-01  1.9752E-03  3.0629E+01  2.8716E-01  7.3061E-17 -1.0787E-15  0.0000E+00  0.0000E+00
  8.5000E-01  2.5500E-01  8.6815E-01  2.0179E-03  3.0628E+01  2.8758E-01  3.1677E-17  1.7793E-16  0.0000E+00  0.0000E+00
  8.6000E-01  2.5800E-01  8.6834E-01  2.0638E-03  3.0627E+01  2.8801E-01 -3.0996E-17 -1.5421E-15  0.0000E+00  0.0000E+00
  8.7000E-01  2.6100E-01  8.6853E-01  2.1071E-03  3.0626E+01  2.8845E-01  8.1747E-18  2.3948E-15  0.0000E+00  0.0000E+00
  8.8000E-01  2.6400E-01  8.6873E-01  2.1530E-03  3.0626E+01  2.8891E-01  7.5786E-17 -9.2311E-16  0.0000E+00  0.0000E+00
  8.9000E-01  2.6700E-01  8.6893E-01  2.1970E-03  3.0625E+01  2.8937E-01  3.7127E-17  8.1562E-17  0.0000E+00  0.0000E+00
  9.0000E-01  2.7000E-01  8.6913E-01  2.2435E-03  3.0624E+01  2.8986E-01  3.7808E-17 -6.6735E-17  0.0000E+00  0.0000E+00
  9.1000E-01  2.7300E-01  8.6934E-01  2.2884E-03  3.0623E+01  2.9036E-01  1.0831E-16  1.6017E-15  0.0000E+00  0.0000E+00
  9.2000E-01  2.7600E-01  8.6955E-01  2.3349E-03  3.0622E+01  2.9086E-01  4.2747E-17 -3.0292E-15  0.0000E+00  0.0000E+00
  9.3000E-01  2.7900E-01  8.6977E-01  2.3797E-03  3.0621E+01  2.9137E-01 -6.7441E-17  6.3033E-16  0.0000E+00  0.0000E+00
  9.4000E-01  2.8200E-01  8.6999E-01  2.4268E-03  3.0620E+01  2.9191E-01 -6.7782E-17 -6.3776E-16  0.0000E+00  0.0000E+00
  9.5000E-01  2.8500E-01  8.7021E-01  2.4737E-03  3.0619E+01  2.9250E-01  8.5153E-18  2.2990E-15  0.0000E+00  0.0000E+00
  9.6000E-01  2.8800E-01  8.7044E-01  2.5205E-03  3.0619E+01  2.9305E-01  9.6564E-17 -3.8194E-16  0.0000E+00  0.0000E+00
  9.7000E-01  2.9100E-01  8.7068E-01  2.5678E-03  3.0618E+01  2.9368E-01 -5.2284E-17 -2.8590E-15  0.0000E+00  0.0000E+00
  9.8000E-01  2.9400E-01  8.7091E-01  2.6182E-03  3.0617E+01  2.9434E-01 -1.0150E-16  1.7874E-15  0.0000E+00  0.0000E+00
  9.9000E-01  2.9700E-01  8.7116E-01  2.6667E-03  3.0616E+01  2.9495E-01 -1.6077E-16 -3.0780E-15  0.0000E+00  0.0000E+00

      S        DMerc        DShear       DCurr       DWell       Dgeod
----------------------------------------------------------------------------------------------------
  1.0000E-02 -3.6674E+05  2.6609E-04 -9.8264E-02 -0.0000E+00 -3.6674E+05
  2.0000E-02 -1.9780E+03  4.9950E-06  2.4310E-04 -0.0000E+00 -1.9780E+03
  3.0000E-02 -1.1578E+02  4.8808E-05  1.7469E-03 -0.0000E+00 -1.1579E+02
  4.0000E-02 -1.7168E+01  9.7948E-05  2.0535E-03 -0.0000E+00 -1.7171E+01
  5.0000E-02 -4.1888E+00  1.9615E-04  2.0921E-03 -0.0000E+00 -4.1911E+00
  6.0000E-02 -1.3697E+00  2.2393E-04  1.6564E-03 -0.0000E+00 -1.3716E+00
  7.0000E-02 -5.4259E-01  2.8612E-04  1.2890E-03 -0.0000E+00 -5.4417E-01
  8.0000E-02 -2.4788E-01  2.8089E-04  9.4252E-04 -0.0000E+00 -2.4910E-01
  9.0000E-02 -1.2725E-01  3.0628E-04  6.5062E-04 -0.0000E+00 -1.2820E-01
  1.0000E-01 -7.2273E-02  2.8191E-04  4.5486E-04 -0.0000E+00 -7.3010E-02
  1.1000E-01 -4.5087E-02  2.8757E-04  2.7187E-04 -0.0000E+00 -4.5647E-02
  1.2000E-01 -3.0758E-02  2.5886E-04  1.7493E-04 -0.0000E+00 -3.1192E-02
  1.3000E-01 -2.2685E-02  2.5639E-04  6.3597E-05 -0.0000E+00 -2.3005E-02
  1.4000E-01 -1.7769E-02  2.2713E-04  2.2744E-05 -0.0000E+00 -1.8019E-02
  1.5000E-01 -1.4655E-02  2.1987E-04 -4.2303E-05 -0.0000E+00 -1.4833E-02
  1.6000E-01 -1.2556E-02  1.9271E-04 -5.2914E-05 -0.0000E+00 -1.2696E-02
  1.7000E-01 -1.1094E-02  1.8353E-04 -9.0324E-05 -0.0000E+00 -1.1187E-02
  1.8000E-01 -1.0078E-02  1.5841E-04 -8.4457E-05 -0.0000E+00 -1.0152E-02
  1.9000E-01 -9.3364E-03  1.4820E-04 -1.0494E-04 -0.0000E+00 -9.3796E-03
  2.0000E-01 -8.7262E-03  1.2613E-04 -9.2333E-05 -0.0000E+00 -8.7600E-03
  2.1000E-01 -8.1960E-03  1.1642E-04 -1.0383E-04 -0.0000E+00 -8.2086E-03
  2.2000E-01 -7.6844E-03  9.7422E-05 -8.8822E-05 -0.0000E+00 -7.6930E-03
  2.3000E-01 -7.2107E-03  8.8272E-05 -9.4024E-05 -0.0000E+00 -7.2050E-03
  2.4000E-01 -6.8397E-03  7.2080E-05 -7.8349E-05 -0.0000E+00 -6.8334E-03
  2.5000E-01 -6.5330E-03  6.3848E-05 -7.9606E-05 -0.0000E+00 -6.5173E-03
  2.6000E-01 -6.2636E-03  5.0426E-05 -6.4588E-05 -0.0000E+00 -6.2494E-03
  2.7000E-01 -6.0065E-03  4.3362E-05 -6.3543E-05 -0.0000E+00 -5.9863E-03
  2.8000E-01 -5.7079E-03  3.2698E-05 -5.0246E-05 -0.0000E+00 -5.6904E-03
  2.9000E-01 -5.3901E-03  2.6988E-05 -4.8021E-05 -0.0000E+00 -5.3691E-03
  3.0000E-01 -5.1334E-03  1.8927E-05 -3.6652E-05 -0.0000E+00 -5.1157E-03
  3.1000E-01 -4.9172E-03  1.4619E-05 -3.3766E-05 -0.0000E+00 -4.8980E-03
  3.2000E-01 -4.7426E-03  9.0119E-06 -2.4258E-05 -0.0000E+00 -4.7274E-03
  3.3000E-01 -4.5838E-03  6.1338E-06 -2.0985E-05 -0.0000E+00 -4.5689E-03
  3.4000E-01 -4.3993E-03  2.8169E-06 -1.3099E-05 -0.0000E+00 -4.3890E-03
  3.5000E-01 -4.1894E-03  1.3258E-06 -9.4201E-06 -0.0000E+00 -4.1813E-03
  3.6000E-01 -4.0095E-03  1.3483E-07 -2.7766E-06 -0.0000E+00 -4.0068E-03
  3.7000E-01 -3.8561E-03  2.7445E-08  1.3092E-06 -0.0000E+00 -3.8574E-03
  3.8000E-01 -3.7292E-03  8.8352E-07  6.8738E-06 -0.0000E+00 -3.7370E-03
  3.9000E-01 -3.6159E-03  2.2012E-06  1.1271E-05 -0.0000E+00 -3.6294E-03
  4.0000E-01 -3.5030E-03  5.0740E-06  1.5810E-05 -0.0000E+00 -3.5239E-03
  4.1000E-01 -3.3735E-03  7.8432E-06  2.0362E-05 -0.0000E+00 -3.4017E-03
  4.2000E-01 -3.2505E-03  1.2630E-05  2.3965E-05 -0.0000E+00 -3.2871E-03
  4.3000E-01 -3.1339E-03  1.6786E-05  2.8681E-05 -0.0000E+00 -3.1793E-03
  4.4000E-01 -3.0302E-03  2.3344E-05  3.1608E-05 -0.0000E+00 -3.0851E-03
  4.5000E-01 -2.9350E-03  2.8828E-05  3.6593E-05 -0.0000E+00 -3.0004E-03
  4.6000E-01 -2.8475E-03  3.7066E-05  3.9097E-05 -0.0000E+00 -2.9236E-03
  4.7000E-01 -2.7542E-03  4.3858E-05  4.4423E-05 -0.0000E+00 -2.8425E-03
  4.8000E-01 -2.6662E-03  5.3778E-05  4.6573E-05 -0.0000E+00 -2.7665E-03
  4.9000E-01 -2.5772E-03  6.2015E-05  5.2046E-05 -0.0000E+00 -2.6912E-03
  5.0000E-01 -2.4957E-03  7.3655E-05  5.3786E-05 -0.0000E+00 -2.6231E-03
  5.1000E-01 -2.4180E-03  8.3296E-05  5.9448E-05 -0.0000E+00 -2.5608E-03
  5.2000E-01 -2.3480E-03  9.6623E-05  6.0820E-05 -0.0000E+00 -2.5054E-03
  5.3000E-01 -2.2748E-03  1.0773E-04  6.6575E-05 -0.0000E+00 -2.4491E-03
  5.4000E-01 -2.2062E-03  1.2268E-04  6.7688E-05 -0.0000E+00 -2.3966E-03
  5.5000E-01 -2.1329E-03  1.3521E-04  7.3638E-05 -0.0000E+00 -2.3417E-03
  5.6000E-01 -2.0645E-03  1.5178E-04  7.4544E-05 -0.0000E+00 -2.2908E-03
  5.7000E-01 -1.9956E-03  1.6571E-04  8.0779E-05 -0.0000E+00 -2.2421E-03
  5.8000E-01 -1.9330E-03  1.8388E-04  8.1546E-05 -0.0000E+00 -2.1985E-03
  5.9000E-01 -1.8680E-03  1.9930E-04  8.7972E-05 -0.0000E+00 -2.1553E-03
  6.0000E-01 -1.8082E-03  2.1910E-04  8.8618E-05 -0.0000E+00 -2.1159E-03
  6.1000E-01 -1.7443E-03  2.3607E-04  9.5194E-05 -0.0000E+00 -2.0756E-03
  6.2000E-01 -1.6854E-03  2.5756E-04  9.5680E-05 -0.0000E+00 -2.0386E-03
  6.3000E-01 -1.6237E-03  2.7615E-04  1.0233E-04 -0.0000E+00 -2.0022E-03
  6.4000E-01 -1.5660E-03  2.9933E-04  1.0268E-04 -0.0000E+00 -1.9680E-03
  6.5000E-01 -1.5044E-03  3.1956E-04  1.0940E-04 -0.0000E+00 -1.9334E-03
  6.6000E-01 -1.4485E-03  3.4444E-04  1.0972E-04 -0.0000E+00 -1.9027E-03
  6.7000E-01 -1.3898E-03  3.6633E-04  1.1658E-04 -0.0000E+00 -1.8727E-03
  6.8000E-01 -1.3346E-03  3.9293E-04  1.1679E-04 -0.0000E+00 -1.8443E-03
  6.9000E-01 -1.2771E-03  4.1661E-04  1.2356E-04 -0.0000E+00 -1.8173E-03
  7.0000E-01 -1.2233E-03  4.4496E-04  1.2380E-04 -0.0000E+00 -1.7921E-03
  7.1000E-01 -1.1652E-03  4.7041E-04  1.3068E-04 -0.0000E+00 -1.7663E-03
  7.2000E-01 -1.1097E-03  5.0056E-04  1.3093E-04 -0.0000E+00 -1.7412E-03
  7.3000E-01 -1.0512E-03  5.2784E-04  1.3788E-04 -0.0000E+00 -1.7169E-03
  7.4000E-01 -9.9621E-04  5.5979E-04  1.3818E-04 -0.0000E+00 -1.6942E-03
  7.5000E-01 -9.3958E-04  5.8904E-04  1.4496E-04 -0.0000E+00 -1.6736E-03
  7.6000E-01 -8.8518E-04  6.2285E-04  1.4540E-04 -0.0000E+00 -1.6534E-03
  7.7000E-01 -8.2630E-04  6.5404E-04  1.5216E-04 -0.0000E+00 -1.6325E-03
  7.8000E-01 -7.7079E-04  6.8974E-04  1.5288E-04 -0.0000E+00 -1.6134E-03
  7.9000E-01 -7.1318E-04  7.2303E-04  1.5955E-04 -0.0000E+00 -1.5958E-03
  8.0000E-01 -6.5637E-04  7.6070E-04  1.6035E-04 -0.0000E+00 -1.5774E-03
  8.1000E-01 -5.9577E-04  7.9613E-04  1.6676E-04 -0.0000E+00 -1.5587E-03
  8.2000E-01 -5.3772E-04  8.3573E-04  1.6795E-04 -0.0000E+00 -1.5414E-03
  8.3000E-01 -4.7644E-04  8.7335E-04  1.7420E-04 -0.0000E+00 -1.5240E-03
  8.4000E-01 -4.1863E-04  9.1504E-04  1.7570E-04 -0.0000E+00 -1.5094E-03
  8.5000E-01 -3.5801E-04  9.5499E-04  1.8180E-04 -0.0000E+00 -1.4948E-03
  8.6000E-01 -2.9851E-04  9.9880E-04  1.8364E-04 -0.0000E+00 -1.4809E-03
  8.7000E-01 -2.3757E-04  1.0411E-03  1.8959E-04 -0.0000E+00 -1.4683E-03
  8.8000E-01 -1.7616E-04  1.0870E-03  1.9203E-04 -0.0000E+00 -1.4552E-03
  8.9000E-01 -1.1035E-04  1.1318E-03  1.9759E-04 -0.0000E+00 -1.4397E-03
  9.0000E-01 -4.6351E-05  1.1801E-03  1.9999E-04 -0.0000E+00 -1.4264E-03
  9.1000E-01  1.8932E-05  1.2277E-03  2.0503E-04 -0.0000E+00 -1.4138E-03
  9.2000E-01  8.5695E-05  1.2780E-03  2.0854E-04 -0.0000E+00 -1.4009E-03
  9.3000E-01  1.5732E-04  1.3275E-03  2.1488E-04 -0.0000E+00 -1.3850E-03
  9.4000E-01  2.3003E-04  1.3805E-03  2.1820E-04 -0.0000E+00 -1.3687E-03
  9.5000E-01  3.0496E-04  1.4342E-03  2.2137E-04 -0.0000E+00 -1.3507E-03
  9.6000E-01  3.9187E-04  1.4890E-03  2.2712E-04 -0.0000E+00 -1.3243E-03
  9.7000E-01  5.0051E-04  1.5452E-03  2.3114E-04 -0.0000E+00 -1.2759E-03
  9.8000E-01  7.1804E-04  1.6064E-03  2.2895E-04 -0.0000E+00 -1.1173E-03
  9.9000E-01  1.0801E-03  1.6664E-03  2.3174E-04 -0.0000E+00 -8.1803E-04
