      S          PHI         IOTA        SHEAR        VP         WELL        ITOR       ITOR'       PRES       PRES'
------------------------------------------------------------------------------------------------------------------------
  1.0000E-02  1.0000E-02  8.7729E-01 -1.5275E-03  2.9848E+01  1.5924E-01  1.0602E-17  6.3620E-17  0.0000E+00  0.0000E+00
  2.0000E-02  2.0000E-02  8.7690E-01 -1.0946E-03  2.9846E+01  2.3987E-01  1.3156E-17 -4.6506E-17  0.0000E+00  0.0000E+00
  3.0000E-02  3.0000E-02  8.7652E-01 -1.4661E-03  2.9843E+01  2.5612E-01 -8.9836E-18 -1.0186E-16  0.0000E+00  0.0000E+00
  4.0000E-02  4.0000E-02  8.7604E-01 -1.7024E-03  2.9840E+01  2.6135E-01 -2.2140E-17  1.3697E-17  0.0000E+00  0.0000E+00
  5.0000E-02  5.0000E-02  8.7552E-01 -1.8021E-03  2.9838E+01  2.5761E-01 -3.8319E-18  1.0902E-16  0.0000E+00  0.0000E+00
  6.0000E-02  6.0000E-02  8.7499E-01 -1.7650E-03  2.9835E+01  2.5137E-01  3.8830E-17  1.7695E-16  0.0000E+00  0.0000E+00
  7.0000E-02  7.0000E-02  8.7447E-01 -1.7246E-03  2.9833E+01  2.4520E-01  4.6408E-17 -1.2616E-16  0.0000E+00  0.0000E+00
  8.0000E-02  8.0000E-02  8.7397E-01 -1.6163E-03  2.9830E+01  2.3992E-01  6.4716E-18 -1.4159E-16  0.0000E+00  0.0000E+00
  9.0000E-02  9.0000E-02  8.7350E-01 -1.5290E-03  2.9828E+01  2.3561E-01 -2.7079E-17 -8.3360E-17  0.0000E+00  0.0000E+00
  1.0000E-01  1.0000E-01  8.7306E-01 -1.4018E-03  2.9826E+01  2.3211E-01 -6.0970E-17 -1.4389E-16  0.0000E+00  0.0000E+00
  1.1000E-01  1.1000E-01  8.7266E-01 -1.2975E-03  2.9823E+01  2.2921E-01  2.8271E-17  7.4236E-16  0.0000E+00  0.0000E+00
  1.2000E-01  1.2000E-01  8.7229E-01 -1.1648E-03  2.9821E+01  2.2677E-01 -2.6397E-18 -9.4973E-16  0.0000E+00  0.0000E+00
  1.3000E-01  1.3000E-01  8.7196E-01 -1.0531E-03  2.9819E+01  2.2464E-01 -9.4264E-17  3.3526E-16  0.0000E+00  0.0000E+00
  1.4000E-01  1.4000E-01  8.7167E-01 -9.1872E-04  2.9817E+01  2.2282E-01  9.0773E-17  9.0589E-16  0.0000E+00  0.0000E+00
  1.5000E-01  1.5000E-01  8.7141E-01 -8.0274E-04  2.9814E+01  2.2123E-01  1.0269E-16 -8.2598E-16  0.0000E+00  0.0000E+00
  1.6000E-01  1.6000E-01  8.7119E-01 -6.6774E-04  2.9812E+01  2.1984E-01 -6.2332E-17 -2.8106E-16  0.0000E+00  0.0000E+00
  1.7000E-01  1.7000E-01  8.7101E-01 -5.4958E-04  2.9810E+01  2.1862E-01 -1.6945E-16 -4.3762E-16  0.0000E+00  0.0000E+00
  1.8000E-01  1.8000E-01  8.7087E-01 -4.1496E-04  2.9808E+01  2.1754E-01 -1.1308E-16  8.1588E-16  0.0000E+00  0.0000E+00
  1.9000E-01  1.9000E-01  8.7076E-01 -2.9522E-04  2.9806E+01  2.1657E-01 -6.3524E-17 -4.8339E-16  0.0000E+00  0.0000E+00
  2.0000E-01  2.0000E-01  8.7069E-01 -1.6107E-04  2.9804E+01  2.1570E-01  4.9729E-17  1.2434E-15  0.0000E+00  0.0000E+00
  2.1000E-01  2.1000E-01  8.7066E-01 -4.0181E-05  2.9801E+01  2.1493E-01  1.0525E-16 -8.7092E-16  0.0000E+00  0.0000E+00
  2.2000E-01  2.2000E-01  8.7067E-01  9.3715E-05  2.9799E+01  2.1423E-01  4.7686E-18  1.9660E-16  0.0000E+00  0.0000E+00
  2.3000E-01  2.3000E-01  8.7072E-01  2.1556E-04  2.9797E+01  2.1361E-01 -4.1725E-17 -5.0868E-16  0.0000E+00  0.0000E+00
  2.4000E-01  2.4000E-01  8.7080E-01  3.4906E-04  2.9795E+01  2.1305E-01 -1.6503E-16 -3.1895E-16  0.0000E+00  0.0000E+00
  2.5000E-01  2.5000E-01  8.7092E-01  4.7160E-04  2.9793E+01  2.1255E-01 -1.0780E-16  7.0311E-16  0.0000E+00  0.0000E+00
  2.6000E-01  2.6000E-01  8.7108E-01  6.0487E-04  2.9791E+01  2.1212E-01  5.9437E-17  4.1961E-16  0.0000E+00  0.0000E+00
  2.7000E-01  2.7000E-01  8.7128E-01  7.2832E-04  2.9789E+01  2.1174E-01 -1.2773E-17 -9.0445E-16  0.0000E+00  0.0000E+00
  2.8000E-01  2.8000E-01  8.7152E-01  8.6170E-04  2.9786E+01  2.1142E-01 -1.4595E-16  1.0292E-17  0.0000E+00  0.0000E+00
  2.9000E-01  2.9000E-01  8.7179E-01  9.8629E-04  2.9784E+01  2.1116E-01 -1.0814E-16  2.4359E-16  0.0000E+00  0.0000E+00
  3.0000E-01  3.0000E-01  8.7211E-01  1.1202E-03  2.9782E+01  2.1096E-01 -7.2380E-17 -3.4310E-18  0.0000E+00  0.0000E+00
  3.1000E-01  3.1000E-01  8.7246E-01  1.2462E-03  2.9780E+01  2.1083E-01 -3.5764E-17  2.4934E-16  0.0000E+00  0.0000E+00
  3.2000E-01  3.2000E-01  8.7285E-01  1.3810E-03  2.9778E+01  2.1076E-01  4.8537E-17  3.1684E-16  0.0000E+00  0.0000E+00
  3.3000E-01  3.3000E-01  8.7328E-01  1.5087E-03  2.9776E+01  2.1075E-01  9.4860E-17 -5.7196E-18  0.0000E+00  0.0000E+00
  3.4000E-01  3.4000E-01  8.7375E-01  1.6448E-03  2.9774E+01  2.1082E-01  1.4186E-16  3.2146E-16  0.0000E+00  0.0000E+00
  3.5000E-01  3.5000E-01  8.7426E-01  1.7745E-03  2.9772E+01  2.1095E-01 -9.1284E-17 -1.8877E-15  0.0000E+00  0.0000E+00
  3.6000E-01  3.6000E-01  8.7481E-01  1.9121E-03  2.9770E+01  2.1116E-01 -1.0525E-16  1.7940E-15  0.0000E+00  0.0000E+00
  3.7000E-01  3.7000E-01  8.7540E-01  2.0440E-03  2.9767E+01  2.1145E-01  2.2974E-16  4.5655E-16  0.0000E+00  0.0000E+00
  3.8000E-01  3.8000E-01  8.7603E-01  2.1836E-03  2.9765E+01  2.1182E-01  1.2517E-16 -1.1592E-15  0.0000E+00  0.0000E+00
  3.9000E-01  3.9000E-01  8.7670E-01  2.3181E-03  2.9763E+01  2.1227E-01 -6.0970E-17 -9.1552E-17  0.0000E+00  0.0000E+00
  4.0000E-01  4.0000E-01  8.7741E-01  2.4600E-03  2.9761E+01  2.1282E-01 -1.5362E-16 -5.3104E-16  0.0000E+00  0.0000E+00
  4.1000E-01  4.1000E-01  8.7816E-01  2.5974E-03  2.9759E+01  2.1344E-01 -2.3587E-16 -2.1747E-17  0.0000E+00  0.0000E+00
  4.2000E-01  4.2000E-01  8.7896E-01  2.7420E-03  2.9757E+01  2.1416E-01 -1.9262E-16  3.1249E-16  0.0000E+00  0.0000E+00
  4.3000E-01  4.3000E-01  8.7979E-01  2.8827E-03  2.9755E+01  2.1497E-01  4.1044E-17  1.2581E-15  0.0000E+00  0.0000E+00
  4.4000E-01  4.4000E-01  8.8067E-01  3.0303E-03  2.9753E+01  2.1588E-01  2.1782E-16 -6.9834E-17  0.0000E+00  0.0000E+00
  4.5000E-01  4.5000E-01  8.8159E-01  3.1746E-03  2.9750E+01  2.1688E-01  1.1921E-16 -5.9306E-16  0.0000E+00  0.0000E+00
  4.6000E-01  4.6000E-01  8.8256E-01  3.3258E-03  2.9748E+01  2.1800E-01 -1.1411E-16 -9.7553E-16  0.0000E+00  0.0000E+00
  4.7000E-01  4.7000E-01  8.8357E-01  3.4743E-03  2.9746E+01  2.1921E-01 -4.2747E-17  1.4554E-15  0.0000E+00  0.0000E+00
  4.8000E-01  4.8000E-01  8.8463E-01  3.6296E-03  2.9744E+01  2.2054E-01  1.0900E-17 -1.0948E-15  0.0000E+00  0.0000E+00
  4.9000E-01  4.9000E-01  8.8573E-01  3.7827E-03  2.9742E+01  2.2198E-01  6.6930E-17  1.4716E-15  0.0000E+00  0.0000E+00
  5.0000E-01  5.0000E-01  8.8688E-01  3.9427E-03  2.9739E+01  2.2354E-01  2.2702E-16 -3.9514E-16  0.0000E+00  0.0000E+00
  5.1000E-01  5.1000E-01  8.8808E-01  4.1011E-03  2.9737E+01  2.2521E-01  2.2055E-16  3.5164E-16  0.0000E+00  0.0000E+00
  5.2000E-01  5.2000E-01  8.8932E-01  4.2663E-03  2.9735E+01  2.2702E-01 -5.5690E-17 -2.2097E-15  0.0000E+00  0.0000E+00
  5.3000E-01  5.3000E-01  8.9061E-01  4.4305E-03  2.9733E+01  2.2895E-01 -7.7319E-17  2.0643E-15  0.0000E+00  0.0000E+00
  5.4000E-01  5.4000E-01  8.9196E-01  4.6016E-03  2.9730E+01  2.3102E-01  1.1921E-18 -1.5363E-15  0.0000E+00  0.0000E+00
  5.5000E-01  5.5000E-01  8.9335E-01  4.7723E-03  2.9728E+01  2.3322E-01 -9.8096E-17  8.6849E-16  0.0000E+00  0.0000E+00
  5.6000E-01  5.6000E-01  8.9479E-01  4.9501E-03  2.9726E+01  2.3556E-01 -1.6707E-16 -1.3326E-15  0.0000E+00  0.0000E+00
  5.7000E-01  5.7000E-01  8.9629E-01  5.1282E-03  2.9723E+01  2.3804E-01 -2.0266E-16  1.0932E-15  0.0000E+00  0.0000E+00
  5.8000E-01  5.8000E-01  8.9784E-01  5.3134E-03  2.9721E+01  2.4069E-01 -1.2790E-16 -5.9021E-16  0.0000E+00  0.0000E+00
  5.9000E-01  5.9000E-01  8.9945E-01  5.4996E-03  2.9718E+01  2.4348E-01  1.0610E-16  2.1650E-15  0.0000E+00  0.0000E+00
  6.0000E-01  6.0000E-01  9.0111E-01  5.6932E-03  2.9716E+01  2.4646E-01  2.5342E-16 -1.1737E-15  0.0000E+00  0.0000E+00
  6.1000E-01  6.1000E-01  9.0284E-01  5.8885E-03  2.9714E+01  2.4960E-01 -2.1220E-16 -1.9602E-15  0.0000E+00  0.0000E+00
  6.2000E-01  6.2000E-01  9.0461E-01  6.0915E-03  2.9711E+01  2.5292E-01 -3.4402E-16  1.0730E-15  0.0000E+00  0.0000E+00
  6.3000E-01  6.3000E-01  9.0646E-01  6.2971E-03  2.9708E+01  2.5641E-01 -3.4640E-16 -1.0892E-15  0.0000E+00  0.0000E+00
  6.4000E-01  6.4000E-01  9.0836E-01  6.5109E-03  2.9706E+01  2.6010E-01 -6.0629E-16 -6.6045E-16  0.0000E+00  0.0000E+00
  6.5000E-01  6.5000E-01  9.1032E-01  6.7280E-03  2.9703E+01  2.6399E-01 -4.5710E-16  1.6650E-15  0.0000E+00  0.0000E+00
  6.6000E-01  6.6000E-01  9.1236E-01  6.9538E-03  2.9701E+01  2.6809E-01 -1.1104E-16  6.6516E-16  0.0000E+00  0.0000E+00
  6.7000E-01  6.7000E-01  9.1446E-01  7.1838E-03  2.9698E+01  2.7242E-01  1.5804E-16  1.1469E-15  0.0000E+00  0.0000E+00
  6.8000E-01  6.8000E-01  9.1662E-01  7.4231E-03  2.9695E+01  2.7698E-01  2.1714E-16 -7.4901E-16  0.0000E+00  0.0000E+00
  6.9000E-01  6.9000E-01  9.1886E-01  7.6678E-03  2.9692E+01  2.8175E-01  1.6213E-16  3.7856E-16  0.0000E+00  0.0000E+00
  7.0000E-01  7.0000E-01  9.2118E-01  7.9226E-03  2.9690E+01  2.8679E-01  1.5055E-16 -4.5660E-16  0.0000E+00  0.0000E+00
  7.1000E-01  7.1000E-01  9.2357E-01  8.1839E-03  2.9687E+01  2.9208E-01  9.5882E-17  8.8347E-17  0.0000E+00  0.0000E+00
  7.2000E-01  7.2000E-01  9.2604E-01  8.4561E-03  2.9684E+01  2.9766E-01  5.8926E-17 -3.3736E-16  0.0000E+00  0.0000E+00
  7.3000E-01  7.3000E-01  9.2859E-01  8.7362E-03  2.9681E+01  3.0353E-01 -1.8836E-16 -1.3289E-15  0.0000E+00  0.0000E+00
  7.4000E-01  7.4000E-01  9.3123E-01  9.0282E-03  2.9678E+01  3.0972E-01 -2.1595E-16  1.1431E-15  0.0000E+00  0.0000E+00
  7.5000E-01  7.5000E-01  9.3395E-01  9.3298E-03  2.9674E+01  3.1621E-01 -6.6249E-17 -1.3430E-16  0.0000E+00  0.0000E+00
  7.6000E-01  7.6000E-01  9.3677E-01  9.6448E-03  2.9671E+01  3.2306E-01 -6.0799E-17  1.7104E-16  0.0000E+00  0.0000E+00
  7.7000E-01  7.7000E-01  9.3968E-01  9.9710E-03  2.9668E+01  3.3027E-01  6.3184E-17  6.6474E-16  0.0000E+00  0.0000E+00
  7.8000E-01  7.8000E-01  9.4269E-01  1.0312E-02  2.9665E+01  3.3790E-01  7.8852E-17 -5.5918E-16  0.0000E+00  0.0000E+00
  7.9000E-01  7.9000E-01  9.4580E-01  1.0667E-02  2.9661E+01  3.4594E-01 -1.9875E-16 -1.3126E-15  0.0000E+00  0.0000E+00
  8.0000E-01  8.0000E-01  9.4902E-01  1.1039E-02  2.9658E+01  3.5447E-01 -3.0928E-16  5.6735E-16  0.0000E+00  0.0000E+00
  8.1000E-01  8.1000E-01  9.5235E-01  1.1426E-02  2.9654E+01  3.6347E-01 -5.1773E-17  1.1693E-15  0.0000E+00  0.0000E+00
  8.2000E-01  8.2000E-01  9.5580E-01  1.1834E-02  2.9650E+01  3.7305E-01 -1.1768E-16 -1.6140E-15  0.0000E+00  0.0000E+00
  8.3000E-01  8.3000E-01  9.5937E-01  1.2261E-02  2.9647E+01  3.8321E-01 -1.8018E-16  1.1926E-15  0.0000E+00  0.0000E+00
  8.4000E-01  8.4000E-01  9.6307E-01  1.2711E-02  2.9643E+01  3.9406E-01  1.5328E-17  1.2640E-16  0.0000E+00  0.0000E+00
  8.5000E-01  8.5000E-01  9.6691E-01  1.3184E-02  2.9639E+01  4.0565E-01  1.2194E-16  5.9299E-16  0.0000E+00  0.0000E+00
  8.6000E-01  8.6000E-01  9.7089E-01  1.3685E-02  2.9635E+01  4.1810E-01 -3.2358E-17 -1.6344E-15  0.0000E+00  0.0000E+00
  8.7000E-01  8.7000E-01  9.7502E-01  1.4214E-02  2.9630E+01  4.3148E-01 -6.4580E-16 -2.5060E-15  0.0000E+00  0.0000E+00
  8.8000E-01  8.8000E-01  9.7932E-01  1.4777E-02  2.9626E+01  4.4597E-01 -6.1140E-16  2.7386E-15  0.0000E+00  0.0000E+00
  8.9000E-01  8.9000E-01  9.8378E-01  1.5377E-02  2.9622E+01  4.6170E-01 -2.4899E-16 -2.9207E-16  0.0000E+00  0.0000E+00
  9.0000E-01  9.0000E-01  9.8843E-01  1.6018E-02  2.9617E+01  4.7889E-01 -1.4408E-16  1.0006E-15  0.0000E+00  0.0000E+00
  9.1000E-01  9.1000E-01  9.9328E-01  1.6708E-02  2.9612E+01  4.9778E-01 -2.4354E-16 -1.6725E-15  0.0000E+00  0.0000E+00
  9.2000E-01  9.2000E-01  9.9834E-01  1.7453E-02  2.9607E+01  5.1869E-01 -2.1731E-16  1.8499E-15  0.0000E+00  0.0000E+00
  9.3000E-01  9.3000E-01  1.0036E+00  1.8266E-02  2.9602E+01  5.4201E-01  1.8257E-16  8.5149E-16  0.0000E+00  0.0000E+00
  9.4000E-01  9.4000E-01  1.0092E+00  1.9158E-02  2.9596E+01  5.6827E-01  2.4013E-16 -4.6265E-16  0.0000E+00  0.0000E+00
  9.5000E-01  9.5000E-01  1.0150E+00  2.0150E-02  2.9590E+01  5.9824E-01  6.9144E-17 -6.9296E-16  0.0000E+00  0.0000E+00
  9.6000E-01  9.6000E-01  1.0211E+00  2.1271E-02  2.9584E+01  6.3249E-01  4.1282E-16  3.0165E-15  0.0000E+00  0.0000E+00
  9.7000E-01  9.7000E-01  1.0276E+00  2.2506E-02  2.9577E+01  6.7228E-01  7.6331E-16 -6.4720E-16  0.0000E+00  0.0000E+00
  9.8000E-01  9.8000E-01  1.0345E+00  2.4005E-02  2.9571E+01  7.2224E-01  1.7882E-16 -3.3059E-15  0.0000E+00  0.0000E+00
  9.9000E-01  9.9000E-01  1.0418E+00  2.5812E-02  2.9563E+01  7.7370E-01 -4.6323E-17  1.7835E-15  0.0000E+00  0.0000E+00

      S        DMerc        DShear       DCurr       DWell       Dgeod
----------------------------------------------------------------------------------------------------
  1.0000E-02 -1.0577E+04  5.1967E-04 -3.5686E-02 -0.0000E+00 -1.0577E+04
  2.0000E-02 -5.8840E+01  2.6679E-04  5.4279E-03 -0.0000E+00 -5.8845E+01
  3.0000E-02 -3.8745E+00  4.7860E-04  5.3775E-03 -0.0000E+00 -3.8803E+00
  4.0000E-02 -6.9613E-01  6.4518E-04  4.0829E-03 -0.0000E+00 -7.0085E-01
  5.0000E-02 -2.0287E-01  7.2285E-04  2.7774E-03 -0.0000E+00 -2.0637E-01
  6.0000E-02 -7.5925E-02  6.9324E-04  1.7957E-03 -0.0000E+00 -7.8414E-02
  7.0000E-02 -3.3948E-02  6.6181E-04  1.0988E-03 -0.0000E+00 -3.5709E-02
  8.0000E-02 -1.7553E-02  5.8118E-04  6.6477E-04 -0.0000E+00 -1.8799E-02
  9.0000E-02 -1.0421E-02  5.2000E-04  3.5107E-04 -0.0000E+00 -1.1292E-02
  1.0000E-01 -7.0406E-03  4.3704E-04  1.7920E-04 -0.0000E+00 -7.6568E-03
  1.1000E-01 -5.3491E-03  3.7431E-04  4.7424E-05 -0.0000E+00 -5.7708E-03
  1.2000E-01 -4.4193E-03  3.0166E-04 -6.7114E-06 -0.0000E+00 -4.7143E-03
  1.3000E-01 -3.8690E-03  2.4653E-04 -5.5029E-05 -0.0000E+00 -4.0605E-03
  1.4000E-01 -3.5169E-03  1.8760E-04 -6.2481E-05 -0.0000E+00 -3.6420E-03
  1.5000E-01 -3.2643E-03  1.4320E-04 -7.3782E-05 -0.0000E+00 -3.3337E-03
  1.6000E-01 -3.0653E-03  9.9071E-05 -6.2886E-05 -0.0000E+00 -3.1015E-03
  1.7000E-01 -2.8936E-03  6.7102E-05 -5.9025E-05 -0.0000E+00 -2.9017E-03
  1.8000E-01 -2.7362E-03  3.8248E-05 -4.2733E-05 -0.0000E+00 -2.7317E-03
  1.9000E-01 -2.5860E-03  1.9356E-05 -3.2580E-05 -0.0000E+00 -2.5728E-03
  2.0000E-01 -2.4445E-03  5.7613E-06 -1.6675E-05 -0.0000E+00 -2.4336E-03
  2.1000E-01 -2.3039E-03  3.5847E-07 -4.3421E-06 -0.0000E+00 -2.2999E-03
  2.2000E-01 -2.1704E-03  1.9497E-06  9.4119E-06 -0.0000E+00 -2.1818E-03
  2.3000E-01 -2.0357E-03  1.0314E-05  2.2359E-05 -0.0000E+00 -2.0684E-03
  2.4000E-01 -1.9078E-03  2.7041E-05  3.3624E-05 -0.0000E+00 -1.9684E-03
  2.5000E-01 -1.7762E-03  4.9353E-05  4.6793E-05 -0.0000E+00 -1.8723E-03
  2.6000E-01 -1.6508E-03  8.1174E-05  5.5918E-05 -0.0000E+00 -1.7878E-03
  2.7000E-01 -1.5189E-03  1.1768E-04  6.9357E-05 -0.0000E+00 -1.7059E-03
  2.8000E-01 -1.3911E-03  1.6470E-04  7.6796E-05 -0.0000E+00 -1.6326E-03
  2.9000E-01 -1.2549E-03  2.1574E-04  9.0380E-05 -0.0000E+00 -1.5610E-03
  3.0000E-01 -1.1237E-03  2.7826E-04  9.6499E-05 -0.0000E+00 -1.4985E-03
  3.1000E-01 -9.8258E-04  3.4431E-04  1.1040E-04 -0.0000E+00 -1.4373E-03
  3.2000E-01 -8.4612E-04  4.2280E-04  1.1537E-04 -0.0000E+00 -1.3843E-03
  3.3000E-01 -6.9777E-04  5.0454E-04  1.2962E-04 -0.0000E+00 -1.3319E-03
  3.4000E-01 -5.5200E-04  5.9957E-04  1.3375E-04 -0.0000E+00 -1.2853E-03
  3.5000E-01 -3.9252E-04  6.9772E-04  1.4815E-04 -0.0000E+00 -1.2384E-03
  3.6000E-01 -2.3614E-04  8.1005E-04  1.5162E-04 -0.0000E+00 -1.1978E-03
  3.7000E-01 -6.5338E-05  9.2554E-04  1.6648E-04 -0.0000E+00 -1.1574E-03
  3.8000E-01  1.0296E-04  1.0561E-03  1.6950E-04 -0.0000E+00 -1.1226E-03
  3.9000E-01  2.8715E-04  1.1901E-03  1.8476E-04 -0.0000E+00 -1.0877E-03
  4.0000E-01  4.7039E-04  1.3400E-03  1.8755E-04 -0.0000E+00 -1.0572E-03
  4.1000E-01  6.7128E-04  1.4937E-03  2.0317E-04 -0.0000E+00 -1.0256E-03
  4.2000E-01  8.7165E-04  1.6643E-03  2.0579E-04 -0.0000E+00 -9.9848E-04
  4.3000E-01  1.0906E-03  1.8392E-03  2.2213E-04 -0.0000E+00 -9.7076E-04
  4.4000E-01  1.3098E-03  2.0321E-03  2.2495E-04 -0.0000E+00 -9.4731E-04
  4.5000E-01  1.5488E-03  2.2300E-03  2.4205E-04 -0.0000E+00 -9.2332E-04
  4.6000E-01  1.7894E-03  2.4471E-03  2.4533E-04 -0.0000E+00 -9.0300E-04
  4.7000E-01  2.0516E-03  2.6701E-03  2.6314E-04 -0.0000E+00 -8.8162E-04
  4.8000E-01  2.3167E-03  2.9137E-03  2.6667E-04 -0.0000E+00 -8.6366E-04
  4.9000E-01  2.6049E-03  3.1643E-03  2.8528E-04 -0.0000E+00 -8.4470E-04
  5.0000E-01  2.8972E-03  3.4370E-03  2.8917E-04 -0.0000E+00 -8.2905E-04
  5.1000E-01  3.2142E-03  3.7182E-03  3.0864E-04 -0.0000E+00 -8.1267E-04
  5.2000E-01  3.5373E-03  4.0232E-03  3.1334E-04 -0.0000E+00 -7.9928E-04
  5.3000E-01  3.8871E-03  4.3382E-03  3.3387E-04 -0.0000E+00 -7.8495E-04
  5.4000E-01  4.2452E-03  4.6790E-03  3.3949E-04 -0.0000E+00 -7.7336E-04
  5.5000E-01  4.6323E-03  5.0319E-03  3.6120E-04 -0.0000E+00 -7.6080E-04
  5.6000E-01  5.0296E-03  5.4129E-03  3.6770E-04 -0.0000E+00 -7.5096E-04
  5.7000E-01  5.4589E-03  5.8084E-03  3.9073E-04 -0.0000E+00 -7.4024E-04
  5.8000E-01  5.9012E-03  6.2346E-03  3.9885E-04 -0.0000E+00 -7.3215E-04
  5.9000E-01  6.3786E-03  6.6781E-03  4.2371E-04 -0.0000E+00 -7.2324E-04
  6.0000E-01  6.8724E-03  7.1554E-03  4.3396E-04 -0.0000E+00 -7.1690E-04
  6.1000E-01  7.4045E-03  7.6534E-03  4.6117E-04 -0.0000E+00 -7.1010E-04
  6.2000E-01  7.9564E-03  8.1889E-03  4.7360E-04 -0.0000E+00 -7.0618E-04
  6.3000E-01  8.5510E-03  8.7496E-03  5.0308E-04 -0.0000E+00 -7.0164E-04
  6.4000E-01  9.1708E-03  9.3521E-03  5.1860E-04 -0.0000E+00 -6.9989E-04
  6.5000E-01  9.8381E-03  9.9845E-03  5.5168E-04 -0.0000E+00 -6.9803E-04
  6.6000E-01  1.0536E-02  1.0664E-02  5.7188E-04 -0.0000E+00 -6.9928E-04
  6.7000E-01  1.1288E-02  1.1379E-02  6.1053E-04 -0.0000E+00 -7.0136E-04
  6.8000E-01  1.2076E-02  1.2147E-02  6.3662E-04 -0.0000E+00 -7.0795E-04
  6.9000E-01  1.2924E-02  1.2959E-02  6.8090E-04 -0.0000E+00 -7.1577E-04
  7.0000E-01  1.3818E-02  1.3832E-02  7.1459E-04 -0.0000E+00 -7.2821E-04
  7.1000E-01  1.4781E-02  1.4757E-02  7.6852E-04 -0.0000E+00 -7.4361E-04
  7.2000E-01  1.5800E-02  1.5751E-02  8.1422E-04 -0.0000E+00 -7.6519E-04
  7.3000E-01  1.6899E-02  1.6809E-02  8.8234E-04 -0.0000E+00 -7.9172E-04
  7.4000E-01  1.8064E-02  1.7947E-02  9.4483E-04 -0.0000E+00 -8.2787E-04
  7.5000E-01  1.9322E-02  1.9163E-02  1.0312E-03 -0.0000E+00 -8.7166E-04
  7.6000E-01  2.0663E-02  2.0474E-02  1.1161E-03 -0.0000E+00 -9.2728E-04
  7.7000E-01  2.2112E-02  2.1877E-02  1.2299E-03 -0.0000E+00 -9.9499E-04
  7.8000E-01  2.3665E-02  2.3395E-02  1.3484E-03 -0.0000E+00 -1.0791E-03
  7.9000E-01  2.5348E-02  2.5026E-02  1.5030E-03 -0.0000E+00 -1.1812E-03
  8.0000E-01  2.7158E-02  2.6795E-02  1.6689E-03 -0.0000E+00 -1.3060E-03
  8.1000E-01  2.9126E-02  2.8704E-02  1.8788E-03 -0.0000E+00 -1.4563E-03
  8.2000E-01  3.1254E-02  3.0780E-02  2.1119E-03 -0.0000E+00 -1.6376E-03
  8.3000E-01  3.3579E-02  3.3031E-02  2.4006E-03 -0.0000E+00 -1.8533E-03
  8.4000E-01  3.6109E-02  3.5491E-02  2.7286E-03 -0.0000E+00 -2.1106E-03
  8.5000E-01  3.8891E-02  3.8173E-02  3.1329E-03 -0.0000E+00 -2.4149E-03
  8.6000E-01  4.1944E-02  4.1116E-02  3.5989E-03 -0.0000E+00 -2.7711E-03
  8.7000E-01  4.5326E-02  4.4347E-02  4.1629E-03 -0.0000E+00 -3.1843E-03
  8.8000E-01  4.9074E-02  4.7916E-02  4.8193E-03 -0.0000E+00 -3.6616E-03
  8.9000E-01  5.3268E-02  5.1865E-02  5.6053E-03 -0.0000E+00 -4.2015E-03
  9.0000E-01  5.7976E-02  5.6265E-02  6.5208E-03 -0.0000E+00 -4.8102E-03
  9.1000E-01  6.3313E-02  6.1193E-02  7.5963E-03 -0.0000E+00 -5.4764E-03
  9.2000E-01  6.9395E-02  6.6753E-02  8.8337E-03 -0.0000E+00 -6.1922E-03
  9.3000E-01  7.6398E-02  7.3091E-02  1.0216E-02 -0.0000E+00 -6.9087E-03
  9.4000E-01  8.4550E-02  8.0374E-02  1.1770E-02 -0.0000E+00 -7.5947E-03
  9.5000E-01  9.4115E-02  8.8880E-02  1.3359E-02 -0.0000E+00 -8.1238E-03
  9.6000E-01  1.0558E-01  9.9002E-02  1.4853E-02 -0.0000E+00 -8.2729E-03
  9.7000E-01  1.1964E-01  1.1078E-01  1.7051E-02 -0.0000E+00 -8.1875E-03
  9.8000E-01  1.3653E-01  1.2597E-01  1.7389E-02 -0.0000E+00 -6.8260E-03
  9.9000E-01  1.5691E-01  1.4557E-01  1.5651E-02 -0.0000E+00 -4.3144E-03
