      S          PHI         IOTA        SHEAR        VP         WELL        ITOR       ITOR'       PRES       PRES'
------------------------------------------------------------------------------------------------------------------------
  1.0000E-02  3.0000E-03 -1.2396E+00  4.9575E-03  3.0387E-01 -4.6102E-03 -1.6860E-17  1.0088E-14  0.0000E+00  0.0000E+00
  2.0000E-02  6.0000E-03 -1.2398E+00 -2.4717E-01  3.0389E-01 -4.1016E-03 -7.8341E-17 -1.4496E-13  0.0000E+00  0.0000E+00
  3.0000E-02  9.0000E-03 -1.2400E+00 -2.4982E-01  3.0390E-01 -3.8590E-03  4.0873E-17  4.0648E-13  0.0000E+00  0.0000E+00
  4.0000E-02  1.2000E-02 -1.2402E+00 -2.2749E-01  3.0391E-01 -3.7146E-03  1.0900E-16 -2.5703E-13  0.0000E+00  0.0000E+00
  5.0000E-02  1.5000E-02 -1.2404E+00 -2.0419E-01  3.0392E-01 -3.6319E-03  1.0695E-16  2.5254E-13  0.0000E+00  0.0000E+00
  6.0000E-02  1.8000E-02 -1.2406E+00 -1.7882E-01  3.0393E-01 -3.5866E-03  2.9974E-16  1.7034E-13  0.0000E+00  0.0000E+00
  7.0000E-02  2.1000E-02 -1.2407E+00 -1.5888E-01  3.0394E-01 -3.5652E-03  2.2549E-16 -3.3321E-13  0.0000E+00  0.0000E+00
  8.0000E-02  2.4000E-02 -1.2409E+00 -1.4013E-01  3.0395E-01 -3.5572E-03  4.3598E-17 -6.5742E-14  0.0000E+00  0.0000E+00
  9.0000E-02  2.7000E-02 -1.2410E+00 -1.2568E-01  3.0396E-01 -3.5593E-03 -2.7862E-16 -6.4097E-13  0.0000E+00  0.0000E+00
  1.0000E-01  3.0000E-02 -1.2411E+00 -1.1217E-01  3.0397E-01 -3.5666E-03 -1.1036E-16  1.0100E-12  0.0000E+00  0.0000E+00
  1.1000E-01  3.3000E-02 -1.2412E+00 -1.0158E-01  3.0398E-01 -3.5780E-03  2.2480E-16 -2.7489E-13  0.0000E+00  0.0000E+00
  1.2000E-01  3.6000E-02 -1.2413E+00 -9.1363E-02  3.0400E-01 -3.5901E-03  4.9729E-17 -1.0906E-13  0.0000E+00  0.0000E+00
  1.3000E-01  3.9000E-02 -1.2414E+00 -8.3327E-02  3.0401E-01 -3.6021E-03 -1.3216E-16 -2.8981E-13  0.0000E+00  0.0000E+00
  1.4000E-01  4.2000E-02 -1.2414E+00 -7.5477E-02  3.0402E-01 -3.6128E-03  2.6704E-16  1.1652E-12  0.0000E+00  0.0000E+00
  1.5000E-01  4.5000E-02 -1.2415E+00 -6.9250E-02  3.0403E-01 -3.6218E-03  3.6922E-16 -9.4108E-13  0.0000E+00  0.0000E+00
  1.6000E-01  4.8000E-02 -1.2416E+00 -6.3086E-02  3.0404E-01 -3.6294E-03 -8.8559E-17 -6.2736E-14  0.0000E+00  0.0000E+00
  1.7000E-01  5.1000E-02 -1.2416E+00 -5.8203E-02  3.0405E-01 -3.6353E-03  2.6432E-16  8.3645E-13  0.0000E+00  0.0000E+00
  1.8000E-01  5.4000E-02 -1.2417E+00 -5.3252E-02  3.0406E-01 -3.6403E-03  1.3420E-15  1.5265E-12  0.0000E+00  0.0000E+00
  1.9000E-01  5.7000E-02 -1.2417E+00 -4.9387E-02  3.0407E-01 -3.6441E-03  1.0109E-15 -2.2523E-12  0.0000E+00  0.0000E+00
  2.0000E-01  6.0000E-02 -1.2418E+00 -4.5431E-02  3.0408E-01 -3.6477E-03 -4.3598E-17 -5.9740E-14  0.0000E+00  0.0000E+00
  2.1000E-01  6.3000E-02 -1.2418E+00 -4.2369E-02  3.0409E-01 -3.6503E-03 -2.2344E-16 -3.3453E-13  0.0000E+00  0.0000E+00
  2.2000E-01  6.6000E-02 -1.2418E+00 -3.9192E-02  3.0410E-01 -3.6533E-03 -2.0437E-17  7.7955E-13  0.0000E+00  0.0000E+00
  2.3000E-01  6.9000E-02 -1.2419E+00 -3.6769E-02  3.0412E-01 -3.6555E-03  1.0491E-16 -5.0475E-13  0.0000E+00  0.0000E+00
  2.4000E-01  7.2000E-02 -1.2419E+00 -3.4191E-02  3.0413E-01 -3.6584E-03 -9.1284E-17  7.4665E-14  0.0000E+00  0.0000E+00
  2.5000E-01  7.5000E-02 -1.2419E+00 -3.2258E-02  3.0414E-01 -3.6607E-03  3.4470E-16  8.8101E-13  0.0000E+00  0.0000E+00
  2.6000E-01  7.8000E-02 -1.2420E+00 -3.0114E-02  3.0415E-01 -3.6634E-03 -2.9974E-17 -1.7022E-12  0.0000E+00  0.0000E+00
  2.7000E-01  8.1000E-02 -1.2420E+00 -2.8534E-02  3.0416E-01 -3.6657E-03 -9.0875E-16 -2.2397E-13  0.0000E+00  0.0000E+00
  2.8000E-01  8.4000E-02 -1.2420E+00 -2.6718E-02  3.0417E-01 -3.6686E-03 -7.7660E-16  5.1362E-13  0.0000E+00  0.0000E+00
  2.9000E-01  8.7000E-02 -1.2420E+00 -2.5425E-02  3.0418E-01 -3.6714E-03 -1.7439E-16  8.0623E-13  0.0000E+00  0.0000E+00
  3.0000E-01  9.0000E-02 -1.2421E+00 -2.3830E-02  3.0419E-01 -3.6746E-03 -2.9701E-16 -1.0749E-12  0.0000E+00  0.0000E+00
  3.1000E-01  9.3000E-02 -1.2421E+00 -2.2716E-02  3.0420E-01 -3.6778E-03 -3.8557E-16  8.8082E-13  0.0000E+00  0.0000E+00
  3.2000E-01  9.6000E-02 -1.2421E+00 -2.1316E-02  3.0421E-01 -3.6812E-03 -5.6542E-16 -1.2749E-12  0.0000E+00  0.0000E+00
  3.3000E-01  9.9000E-02 -1.2421E+00 -2.0343E-02  3.0423E-01 -3.6849E-03 -9.4009E-16  4.5381E-13  0.0000E+00  0.0000E+00
  3.4000E-01  1.0200E-01 -1.2421E+00 -1.9092E-02  3.0424E-01 -3.6885E-03 -1.3897E-16  1.3017E-12  0.0000E+00  0.0000E+00
  3.5000E-01  1.0500E-01 -1.2422E+00 -1.8245E-02  3.0425E-01 -3.6924E-03 -1.3216E-16 -1.2867E-12  0.0000E+00  0.0000E+00
  3.6000E-01  1.0800E-01 -1.2422E+00 -1.7122E-02  3.0426E-01 -3.6960E-03 -9.5508E-16 -5.1645E-13  0.0000E+00  0.0000E+00
  3.7000E-01  1.1100E-01 -1.2422E+00 -1.6406E-02  3.0427E-01 -3.6999E-03 -3.9102E-16  1.7523E-12  0.0000E+00  0.0000E+00
  3.8000E-01  1.1400E-01 -1.2422E+00 -1.5409E-02  3.0428E-01 -3.7036E-03  4.4416E-16  7.7612E-14  0.0000E+00  0.0000E+00
  3.9000E-01  1.1700E-01 -1.2422E+00 -1.4805E-02  3.0429E-01 -3.7077E-03  5.6542E-16  1.8805E-13  0.0000E+00  0.0000E+00
  4.0000E-01  1.2000E-01 -1.2422E+00 -1.3911E-02  3.0430E-01 -3.7115E-03  7.5207E-16  2.2088E-13  0.0000E+00  0.0000E+00
  4.1000E-01  1.2300E-01 -1.2422E+00 -1.3421E-02  3.0431E-01 -3.7156E-03  5.6405E-16 -6.3276E-13  0.0000E+00  0.0000E+00
  4.2000E-01  1.2600E-01 -1.2422E+00 -1.2626E-02  3.0433E-01 -3.7195E-03 -6.1719E-16 -1.9549E-12  0.0000E+00  0.0000E+00
  4.3000E-01  1.2900E-01 -1.2423E+00 -1.2238E-02  3.0434E-01 -3.7237E-03 -1.5055E-15  8.9536E-15  0.0000E+00  0.0000E+00
  4.4000E-01  1.3200E-01 -1.2423E+00 -1.1557E-02  3.0435E-01 -3.7275E-03 -6.4853E-16  1.8682E-12  0.0000E+00  0.0000E+00
  4.5000E-01  1.3500E-01 -1.2423E+00 -1.1262E-02  3.0436E-01 -3.7317E-03  3.9647E-16  4.2079E-13  0.0000E+00  0.0000E+00
  4.6000E-01  1.3800E-01 -1.2423E+00 -1.0677E-02  3.0437E-01 -3.7355E-03  5.3953E-16 -1.0743E-13  0.0000E+00  0.0000E+00
  4.7000E-01  1.4100E-01 -1.2423E+00 -1.0464E-02  3.0438E-01 -3.7397E-03  5.3408E-16  9.5491E-14  0.0000E+00  0.0000E+00
  4.8000E-01  1.4400E-01 -1.2423E+00 -9.9586E-03  3.0439E-01 -3.7434E-03 -6.2673E-17 -1.4025E-12  0.0000E+00  0.0000E+00
  4.9000E-01  1.4700E-01 -1.2423E+00 -9.8331E-03  3.0440E-01 -3.7476E-03 -2.2480E-16  1.0473E-12  0.0000E+00  0.0000E+00
  5.0000E-01  1.5000E-01 -1.2423E+00 -9.4235E-03  3.0442E-01 -3.7513E-03  3.8830E-16  2.9539E-13  0.0000E+00  0.0000E+00
  5.1000E-01  1.5300E-01 -1.2423E+00 -9.3577E-03  3.0443E-01 -3.7554E-03 -2.0164E-16 -1.5873E-12  0.0000E+00  0.0000E+00
  5.2000E-01  1.5600E-01 -1.2423E+00 -9.0167E-03  3.0444E-01 -3.7591E-03 -3.2971E-16  1.3068E-12  0.0000E+00  0.0000E+00
  5.3000E-01  1.5900E-01 -1.2424E+00 -9.0063E-03  3.0445E-01 -3.7631E-03 -1.9892E-16 -1.0203E-12  0.0000E+00  0.0000E+00
  5.4000E-01  1.6200E-01 -1.2424E+00 -8.7335E-03  3.0446E-01 -3.7668E-03 -5.3953E-16  2.7446E-13  0.0000E+00  0.0000E+00
  5.5000E-01  1.6500E-01 -1.2424E+00 -8.7695E-03  3.0447E-01 -3.7708E-03 -3.2154E-16  2.0286E-13  0.0000E+00  0.0000E+00
  5.6000E-01  1.6800E-01 -1.2424E+00 -8.5623E-03  3.0448E-01 -3.7745E-03  3.8421E-16  1.3424E-12  0.0000E+00  0.0000E+00
  5.7000E-01  1.7100E-01 -1.2424E+00 -8.6403E-03  3.0449E-01 -3.7784E-03  2.4797E-16 -1.6406E-12  0.0000E+00  0.0000E+00
  5.8000E-01  1.7400E-01 -1.2424E+00 -8.4925E-03  3.0451E-01 -3.7821E-03 -5.1773E-17  9.8435E-13  0.0000E+00  0.0000E+00
  5.9000E-01  1.7700E-01 -1.2424E+00 -8.5967E-03  3.0452E-01 -3.7860E-03 -5.8313E-16 -2.1476E-12  0.0000E+00  0.0000E+00
  6.0000E-01  1.8000E-01 -1.2424E+00 -8.4951E-03  3.0453E-01 -3.7895E-03 -4.8776E-16  2.3563E-12  0.0000E+00  0.0000E+00
  6.1000E-01  1.8300E-01 -1.2424E+00 -8.6153E-03  3.0454E-01 -3.7934E-03  1.0000E-15  9.0072E-13  0.0000E+00  0.0000E+00
  6.2000E-01  1.8600E-01 -1.2424E+00 -8.5487E-03  3.0455E-01 -3.7970E-03  1.6240E-15  4.6526E-13  0.0000E+00  0.0000E+00
  6.3000E-01  1.8900E-01 -1.2424E+00 -8.6965E-03  3.0456E-01 -3.8008E-03  1.0137E-15 -1.8013E-12  0.0000E+00  0.0000E+00
  6.4000E-01  1.9200E-01 -1.2424E+00 -8.6648E-03  3.0457E-01 -3.8044E-03  7.6570E-16  1.2585E-12  0.0000E+00  0.0000E+00
  6.5000E-01  1.9500E-01 -1.2424E+00 -8.8183E-03  3.0459E-01 -3.8082E-03  8.4744E-16 -1.0795E-12  0.0000E+00  0.0000E+00
  6.6000E-01  1.9800E-01 -1.2425E+00 -8.8095E-03  3.0460E-01 -3.8117E-03 -1.9619E-16 -1.2047E-12  0.0000E+00  0.0000E+00
  6.7000E-01  2.0100E-01 -1.2425E+00 -8.9586E-03  3.0461E-01 -3.8155E-03  7.3572E-17  1.7951E-12  0.0000E+00  0.0000E+00
  6.8000E-01  2.0400E-01 -1.2425E+00 -8.9668E-03  3.0462E-01 -3.8190E-03 -2.1254E-16 -2.4212E-12  0.0000E+00  0.0000E+00
  6.9000E-01  2.0700E-01 -1.2425E+00 -9.1315E-03  3.0463E-01 -3.8226E-03 -1.6622E-16  2.5225E-12  0.0000E+00  0.0000E+00
  7.0000E-01  2.1000E-01 -1.2425E+00 -9.1684E-03  3.0464E-01 -3.8261E-03  5.1773E-16 -1.0256E-12  0.0000E+00  0.0000E+00
  7.1000E-01  2.1300E-01 -1.2425E+00 -9.3350E-03  3.0465E-01 -3.8299E-03 -8.7197E-17 -2.9814E-13  0.0000E+00  0.0000E+00
  7.2000E-01  2.1600E-01 -1.2425E+00 -9.3801E-03  3.0467E-01 -3.8332E-03 -3.9511E-16 -3.7564E-13  0.0000E+00  0.0000E+00
  7.3000E-01  2.1900E-01 -1.2425E+00 -9.5419E-03  3.0468E-01 -3.8369E-03 -9.7006E-16 -8.8243E-13  0.0000E+00  0.0000E+00
  7.4000E-01  2.2200E-01 -1.2425E+00 -9.5907E-03  3.0469E-01 -3.8403E-03 -1.3515E-15  4.7697E-14  0.0000E+00  0.0000E+00
  7.5000E-01  2.2500E-01 -1.2425E+00 -9.7536E-03  3.0470E-01 -3.8439E-03 -5.0138E-16  1.8124E-12  0.0000E+00  0.0000E+00
  7.6000E-01  2.2800E-01 -1.2425E+00 -9.8231E-03  3.0471E-01 -3.8473E-03 -4.4143E-16 -1.6812E-12  0.0000E+00  0.0000E+00
  7.7000E-01  2.3100E-01 -1.2426E+00 -9.9792E-03  3.0472E-01 -3.8508E-03 -4.2236E-16  1.7229E-12  0.0000E+00  0.0000E+00
  7.8000E-01  2.3400E-01 -1.2426E+00 -1.0050E-02  3.0473E-01 -3.8542E-03  1.1962E-15  1.8182E-12  0.0000E+00  0.0000E+00
  7.9000E-01  2.3700E-01 -1.2426E+00 -1.0200E-02  3.0475E-01 -3.8578E-03  1.7140E-15 -6.8552E-13  0.0000E+00  0.0000E+00
  8.0000E-01  2.4000E-01 -1.2426E+00 -1.0265E-02  3.0476E-01 -3.8611E-03  5.9130E-16 -1.7704E-12  0.0000E+00  0.0000E+00
  8.1000E-01  2.4300E-01 -1.2426E+00 -1.0417E-02  3.0477E-01 -3.8646E-03 -8.9922E-17  2.8015E-13  0.0000E+00  0.0000E+00
  8.2000E-01  2.4600E-01 -1.2426E+00 -1.0488E-02  3.0478E-01 -3.8678E-03 -4.9048E-17 -1.9073E-13  0.0000E+00  0.0000E+00
  8.3000E-01  2.4900E-01 -1.2426E+00 -1.0638E-02  3.0479E-01 -3.8714E-03 -7.2210E-16 -1.2814E-12  0.0000E+00  0.0000E+00
  8.4000E-01  2.5200E-01 -1.2426E+00 -1.0710E-02  3.0480E-01 -3.8746E-03 -1.0682E-15  5.2447E-13  0.0000E+00  0.0000E+00
  8.5000E-01  2.5500E-01 -1.2426E+00 -1.0848E-02  3.0482E-01 -3.8781E-03 -6.8667E-16  3.0990E-13  0.0000E+00  0.0000E+00
  8.6000E-01  2.5800E-01 -1.2426E+00 -1.0912E-02  3.0483E-01 -3.8814E-03  2.6432E-16  1.7700E-12  0.0000E+00  0.0000E+00
  8.7000E-01  2.6100E-01 -1.2426E+00 -1.1042E-02  3.0484E-01 -3.8848E-03  4.2781E-16 -1.4123E-12  0.0000E+00  0.0000E+00
  8.8000E-01  2.6400E-01 -1.2427E+00 -1.1110E-02  3.0485E-01 -3.8880E-03 -6.0220E-16 -8.4022E-13  0.0000E+00  0.0000E+00
  8.9000E-01  2.6700E-01 -1.2427E+00 -1.1246E-02  3.0486E-01 -3.8913E-03 -2.7521E-16  1.5552E-12  0.0000E+00  0.0000E+00
  9.0000E-01  2.7000E-01 -1.2427E+00 -1.1337E-02  3.0487E-01 -3.8946E-03  4.0601E-16 -6.5544E-14  0.0000E+00  0.0000E+00
  9.1000E-01  2.7300E-01 -1.2427E+00 -1.1468E-02  3.0489E-01 -3.8978E-03  4.2236E-16  1.0129E-13  0.0000E+00  0.0000E+00
  9.2000E-01  2.7600E-01 -1.2427E+00 -1.1553E-02  3.0490E-01 -3.9010E-03 -4.3598E-17 -1.1201E-12  0.0000E+00  0.0000E+00
  9.3000E-01  2.7900E-01 -1.2427E+00 -1.1691E-02  3.0491E-01 -3.9043E-03 -5.4770E-16  1.7873E-14  0.0000E+00  0.0000E+00
  9.4000E-01  2.8200E-01 -1.2427E+00 -1.1812E-02  3.0492E-01 -3.9076E-03 -5.1773E-16  4.7661E-14  0.0000E+00  0.0000E+00
  9.5000E-01  2.8500E-01 -1.2427E+00 -1.1976E-02  3.0493E-01 -3.9105E-03 -6.9757E-16 -4.4085E-13  0.0000E+00  0.0000E+00
  9.6000E-01  2.8800E-01 -1.2427E+00 -1.2100E-02  3.0494E-01 -3.9128E-03 -2.0437E-16  1.5191E-12  0.0000E+00  0.0000E+00
  9.7000E-01  2.9100E-01 -1.2428E+00 -1.2261E-02  3.0496E-01 -3.9173E-03  9.4009E-16  9.8289E-13  0.0000E+00  0.0000E+00
  9.8000E-01  2.9400E-01 -1.2428E+00 -1.2575E-02  3.0497E-01 -3.9198E-03  6.4308E-16 -1.6321E-12  0.0000E+00  0.0000E+00
  9.9000E-01  2.9700E-01 -1.2428E+00 -1.2912E-02  3.0498E-01 -3.9234E-03  9.2374E-16  2.2456E-12  0.0000E+00  0.0000E+00

      S        DMerc        DShear       DCurr       DWell       Dgeod
----------------------------------------------------------------------------------------------------
  1.0000E-02 -2.7421E+06  5.6734E-07 -2.0762E-02  0.0000E+00 -2.7421E+06
  2.0000E-02 -1.4634E+04  1.4104E-03  9.0832E-02  0.0000E+00 -1.4634E+04
  3.0000E-02 -7.9019E+02  1.4409E-03  1.9462E-02  0.0000E+00 -7.9021E+02
  4.0000E-02 -1.0229E+02  1.1949E-03  3.9534E-03  0.0000E+00 -1.0229E+02
  5.0000E-02 -2.1178E+01  9.6278E-04 -3.0680E-04  0.0000E+00 -2.1179E+01
  6.0000E-02 -5.9188E+00  7.3848E-04 -1.4533E-03  0.0000E+00 -5.9181E+00
  7.0000E-02 -2.0487E+00  5.8299E-04 -1.7033E-03  0.0000E+00 -2.0476E+00
  8.0000E-02 -8.3316E-01  4.5357E-04 -1.6059E-03  0.0000E+00 -8.3201E-01
  9.0000E-02 -3.8527E-01  3.6483E-04 -1.4462E-03  0.0000E+00 -3.8419E-01
  1.0000E-01 -1.9815E-01  2.9063E-04 -1.2437E-03  0.0000E+00 -1.9720E-01
  1.1000E-01 -1.1175E-01  2.3835E-04 -1.0705E-03  0.0000E+00 -1.1092E-01
  1.2000E-01 -6.8594E-02  1.9285E-04 -8.9974E-04  0.0000E+00 -6.7887E-02
  1.3000E-01 -4.5550E-02  1.6043E-04 -7.6528E-04  0.0000E+00 -4.4945E-02
  1.4000E-01 -3.2226E-02  1.3163E-04 -6.3978E-04  0.0000E+00 -3.1718E-02
  1.5000E-01 -2.3939E-02  1.1082E-04 -5.4250E-04  0.0000E+00 -2.3507E-02
  1.6000E-01 -1.8605E-02  9.1975E-05 -4.5284E-04  0.0000E+00 -1.8244E-02
  1.7000E-01 -1.4929E-02  7.8292E-05 -3.8400E-04  0.0000E+00 -1.4623E-02
  1.8000E-01 -1.2437E-02  6.5544E-05 -3.2012E-04  0.0000E+00 -1.2182E-02
  1.9000E-01 -1.0660E-02  5.6380E-05 -2.7189E-04  0.0000E+00 -1.0444E-02
  2.0000E-01 -9.3155E-03  4.7713E-05 -2.2716E-04  0.0000E+00 -9.1360E-03
  2.1000E-01 -8.2584E-03  4.1500E-05 -1.9379E-04  0.0000E+00 -8.1061E-03
  2.2000E-01 -7.3761E-03  3.5513E-05 -1.6260E-04  0.0000E+00 -7.2490E-03
  2.3000E-01 -6.6218E-03  3.1260E-05 -1.3958E-04  0.0000E+00 -6.5135E-03
  2.4000E-01 -5.9524E-03  2.7032E-05 -1.1759E-04  0.0000E+00 -5.8618E-03
  2.5000E-01 -5.3931E-03  2.4064E-05 -1.0151E-04  0.0000E+00 -5.3156E-03
  2.6000E-01 -4.8446E-03  2.0972E-05 -8.5706E-05  0.0000E+00 -4.7798E-03
  2.7000E-01 -4.4612E-03  1.8831E-05 -7.4243E-05  0.0000E+00 -4.4057E-03
  2.8000E-01 -4.0749E-03  1.6511E-05 -6.2692E-05  0.0000E+00 -4.0288E-03
  2.9000E-01 -3.8213E-03  1.4953E-05 -5.4440E-05  0.0000E+00 -3.7818E-03
  3.0000E-01 -3.5227E-03  1.3137E-05 -4.5833E-05  0.0000E+00 -3.4900E-03
  3.1000E-01 -3.2366E-03  1.1939E-05 -3.9695E-05  0.0000E+00 -3.2089E-03
  3.2000E-01 -2.8956E-03  1.0513E-05 -3.3298E-05  0.0000E+00 -2.8728E-03
  3.3000E-01 -2.6553E-03  9.5756E-06 -2.8672E-05  0.0000E+00 -2.6362E-03
  3.4000E-01 -2.4230E-03  8.4343E-06 -2.3883E-05  0.0000E+00 -2.4076E-03
  3.5000E-01 -2.3067E-03  7.7034E-06 -2.0420E-05  0.0000E+00 -2.2940E-03
  3.6000E-01 -2.1937E-03  6.7850E-06 -1.6833E-05  0.0000E+00 -2.1837E-03
  3.7000E-01 -2.0500E-03  6.2298E-06 -1.4283E-05  0.0000E+00 -2.0419E-03
  3.8000E-01 -1.8586E-03  5.4958E-06 -1.1646E-05  0.0000E+00 -1.8524E-03
  3.9000E-01 -1.6801E-03  5.0737E-06 -9.7646E-06  0.0000E+00 -1.6754E-03
  4.0000E-01 -1.5476E-03  4.4800E-06 -7.8196E-06  0.0000E+00 -1.5443E-03
  4.1000E-01 -1.4316E-03  4.1699E-06 -6.4662E-06  0.0000E+00 -1.4293E-03
  4.2000E-01 -1.3912E-03  3.6912E-06 -5.0484E-06  0.0000E+00 -1.3898E-03
  4.3000E-01 -1.3130E-03  3.4678E-06 -4.0640E-06  0.0000E+00 -1.3124E-03
  4.4000E-01 -1.2328E-03  3.0928E-06 -3.0817E-06  0.0000E+00 -1.2328E-03
  4.5000E-01 -1.1025E-03  2.9374E-06 -2.3648E-06  0.0000E+00 -1.1031E-03
  4.6000E-01 -1.0416E-03  2.6402E-06 -1.6837E-06  0.0000E+00 -1.0426E-03
  4.7000E-01 -9.2221E-04  2.5363E-06 -1.1673E-06  0.0000E+00 -9.2358E-04
  4.8000E-01 -9.1750E-04  2.2972E-06 -6.9812E-07  0.0000E+00 -9.1910E-04
  4.9000E-01 -8.5240E-04  2.2399E-06 -3.2691E-07  0.0000E+00 -8.5431E-04
  5.0000E-01 -8.3897E-04  2.0573E-06 -2.7932E-08  0.0000E+00 -8.4100E-04
  5.1000E-01 -7.6005E-04  2.0288E-06  2.4763E-07  0.0000E+00 -7.6232E-04
  5.2000E-01 -7.2001E-04  1.8838E-06  4.4401E-07  0.0000E+00 -7.2234E-04
  5.3000E-01 -6.3276E-04  1.8796E-06  6.3844E-07  0.0000E+00 -6.3528E-04
  5.4000E-01 -6.3333E-04  1.7676E-06  7.7044E-07  0.0000E+00 -6.3587E-04
  5.5000E-01 -5.7346E-04  1.7823E-06  8.9752E-07  0.0000E+00 -5.7614E-04
  5.6000E-01 -5.6453E-04  1.6992E-06  9.7231E-07  0.0000E+00 -5.6720E-04
  5.7000E-01 -5.3207E-04  1.7304E-06  1.0583E-06  0.0000E+00 -5.3486E-04
  5.8000E-01 -4.9618E-04  1.6719E-06  1.0957E-06  0.0000E+00 -4.9895E-04
  5.9000E-01 -4.4483E-04  1.7133E-06  1.1448E-06  0.0000E+00 -4.4769E-04
  6.0000E-01 -4.4576E-04  1.6731E-06  1.1644E-06  0.0000E+00 -4.4860E-04
  6.1000E-01 -4.1185E-04  1.7209E-06  1.1872E-06  0.0000E+00 -4.1476E-04
  6.2000E-01 -3.7782E-04  1.6946E-06  1.1810E-06  0.0000E+00 -3.8070E-04
  6.3000E-01 -3.7390E-04  1.7538E-06  1.1793E-06  0.0000E+00 -3.7683E-04
  6.4000E-01 -3.4801E-04  1.7412E-06  1.1630E-06  0.0000E+00 -3.5091E-04
  6.5000E-01 -3.1075E-04  1.8035E-06  1.1394E-06  0.0000E+00 -3.1370E-04
  6.6000E-01 -3.1731E-04  1.8001E-06  1.1222E-06  0.0000E+00 -3.2023E-04
  6.7000E-01 -3.4585E-04  1.8617E-06  1.0975E-06  0.0000E+00 -3.4881E-04
  6.8000E-01 -2.5267E-04  1.8652E-06  1.0534E-06  0.0000E+00 -2.5559E-04
  6.9000E-01 -2.5448E-04  1.9345E-06  1.0094E-06  0.0000E+00 -2.5743E-04
  7.0000E-01 -2.4623E-04  1.9503E-06  9.6846E-07  0.0000E+00 -2.4915E-04
  7.1000E-01 -2.2922E-04  2.0220E-06  9.0650E-07  0.0000E+00 -2.3215E-04
  7.2000E-01 -2.1707E-04  2.0417E-06  8.6210E-07  0.0000E+00 -2.1998E-04
  7.3000E-01 -2.8148E-04  2.1130E-06  8.0613E-07  0.0000E+00 -2.8440E-04
  7.4000E-01 -1.9516E-04  2.1348E-06  7.4434E-07  0.0000E+00 -1.9804E-04
  7.5000E-01 -1.8908E-04  2.2081E-06  6.8083E-07  0.0000E+00 -1.9197E-04
  7.6000E-01 -1.8041E-04  2.2398E-06  6.1569E-07  0.0000E+00 -1.8327E-04
  7.7000E-01 -1.7572E-04  2.3117E-06  5.5017E-07  0.0000E+00 -1.7858E-04
  7.8000E-01 -1.6509E-04  2.3449E-06  4.8150E-07  0.0000E+00 -1.6791E-04
  7.9000E-01 -1.8442E-04  2.4157E-06  4.2963E-07  0.0000E+00 -1.8726E-04
  8.0000E-01 -1.5764E-04  2.4464E-06  3.4853E-07  0.0000E+00 -1.6043E-04
  8.1000E-01 -1.5554E-04  2.5200E-06  2.9777E-07  0.0000E+00 -1.5836E-04
  8.2000E-01 -1.4445E-04  2.5544E-06  2.0951E-07  0.0000E+00 -1.4722E-04
  8.3000E-01 -1.3706E-04  2.6282E-06  1.6165E-07  0.0000E+00 -1.3985E-04
  8.4000E-01 -1.3255E-04  2.6640E-06  7.0617E-08  0.0000E+00 -1.3529E-04
  8.5000E-01 -1.3086E-04  2.7334E-06  3.7848E-08  0.0000E+00 -1.3363E-04
  8.6000E-01 -1.2322E-04  2.7659E-06 -5.5648E-08  0.0000E+00 -1.2593E-04
  8.7000E-01 -1.2383E-04  2.8324E-06 -7.4894E-08  0.0000E+00 -1.2659E-04
  8.8000E-01 -1.1966E-04  2.8680E-06 -1.7746E-07  0.0000E+00 -1.2235E-04
  8.9000E-01 -1.0984E-04  2.9385E-06 -2.0151E-07  0.0000E+00 -1.1258E-04
  9.0000E-01 -1.0941E-04  2.9868E-06 -3.3024E-07  0.0000E+00 -1.1206E-04
  9.1000E-01 -1.0474E-04  3.0565E-06 -3.4369E-07  0.0000E+00 -1.0745E-04
  9.2000E-01 -9.5939E-05  3.1017E-06 -4.7534E-07  0.0000E+00 -9.8565E-05
  9.3000E-01 -8.6449E-05  3.1767E-06 -4.9106E-07  0.0000E+00 -8.9135E-05
  9.4000E-01 -7.9618E-05  3.2431E-06 -6.6808E-07  0.0000E+00 -8.2193E-05
  9.5000E-01 -7.1220E-05  3.3340E-06 -7.0498E-07  0.0000E+00 -7.3849E-05
  9.6000E-01 -6.2579E-05  3.4039E-06 -9.1697E-07  0.0000E+00 -6.5066E-05
  9.7000E-01 -5.5254E-05  3.4952E-06 -9.5193E-07  0.0000E+00 -5.7798E-05
  9.8000E-01 -4.3242E-05  3.6770E-06 -1.3304E-06  0.0000E+00 -4.5588E-05
  9.9000E-01 -3.7606E-05  3.8769E-06 -1.6247E-06  0.0000E+00 -3.9858E-05
