      S          PHI         IOTA        SHEAR        VP         WELL        ITOR       ITOR'       PRES       PRES'
------------------------------------------------------------------------------------------------------------------------
  1.0000E-02  1.2000E-03  4.2334E-01 -4.2736E-02  5.5631E-01 -1.5009E-02  3.1294E-18  1.5275E-13  0.0000E+00  0.0000E+00
  2.0000E-02  2.4000E-03  4.2332E-01 -3.1674E-02  5.5632E-01 -1.5137E-02 -1.2156E-17 -1.9854E-13  0.0000E+00  0.0000E+00
  3.0000E-02  3.6000E-03  4.2330E-01 -1.7985E-02  5.5634E-01 -1.5252E-02  6.6419E-18  2.5484E-13  0.0000E+00  0.0000E+00
  4.0000E-02  4.8000E-03  4.2329E-01 -1.0309E-02  5.5636E-01 -1.5357E-02  6.1864E-17 -8.9409E-14  0.0000E+00  0.0000E+00
  5.0000E-02  6.0000E-03  4.2329E-01 -9.1651E-03  5.5638E-01 -1.5456E-02  3.9681E-17  2.2957E-14  0.0000E+00  0.0000E+00
  6.0000E-02  7.2000E-03  4.2328E-01 -8.3297E-03  5.5640E-01 -1.5543E-02  8.2598E-18 -1.1708E-13  0.0000E+00  0.0000E+00
  7.0000E-02  8.4000E-03  4.2327E-01 -9.4089E-03  5.5642E-01 -1.5634E-02  1.3880E-17  1.3391E-13  0.0000E+00  0.0000E+00
  8.0000E-02  9.6000E-03  4.2327E-01 -9.4927E-03  5.5643E-01 -1.5722E-02 -9.5371E-17 -4.6114E-13  0.0000E+00  0.0000E+00
  9.0000E-02  1.0800E-02  4.2326E-01 -1.0779E-02  5.5645E-01 -1.5809E-02 -2.1263E-16  1.0993E-13  0.0000E+00  0.0000E+00
  1.0000E-01  1.2000E-02  4.2325E-01 -1.1278E-02  5.5647E-01 -1.5896E-02 -1.1751E-16  1.7496E-13  0.0000E+00  0.0000E+00
  1.1000E-01  1.3200E-02  4.2325E-01 -1.2416E-02  5.5649E-01 -1.5981E-02 -9.9203E-17 -1.2012E-13  0.0000E+00  0.0000E+00
  1.2000E-01  1.4400E-02  4.2324E-01 -1.2701E-02  5.5651E-01 -1.6064E-02 -8.1577E-17  1.7290E-13  0.0000E+00  0.0000E+00
  1.3000E-01  1.5600E-02  4.2323E-01 -1.3425E-02  5.5653E-01 -1.6143E-02 -1.7593E-16 -4.5545E-13  0.0000E+00  0.0000E+00
  1.4000E-01  1.6800E-02  4.2322E-01 -1.3503E-02  5.5655E-01 -1.6217E-02 -3.8855E-16 -1.8131E-13  0.0000E+00  0.0000E+00
  1.5000E-01  1.8000E-02  4.2321E-01 -1.3994E-02  5.5657E-01 -1.6285E-02 -1.9560E-16  7.5912E-13  0.0000E+00  0.0000E+00
  1.6000E-01  1.9200E-02  4.2320E-01 -1.4029E-02  5.5659E-01 -1.6346E-02  9.2987E-17  1.0505E-13  0.0000E+00  0.0000E+00
  1.7000E-01  2.0400E-02  4.2319E-01 -1.4440E-02  5.5661E-01 -1.6401E-02 -5.1688E-17 -5.3825E-13  0.0000E+00  0.0000E+00
  1.8000E-01  2.1600E-02  4.2318E-01 -1.4534E-02  5.5663E-01 -1.6448E-02  5.1092E-19  6.9453E-13  0.0000E+00  0.0000E+00
  1.9000E-01  2.2800E-02  4.2317E-01 -1.4967E-02  5.5665E-01 -1.6491E-02  9.4520E-17 -4.1303E-13  0.0000E+00  0.0000E+00
  2.0000E-01  2.4000E-02  4.2316E-01 -1.5135E-02  5.5667E-01 -1.6525E-02 -1.4238E-16 -2.9625E-13  0.0000E+00  0.0000E+00
  2.1000E-01  2.5200E-02  4.2315E-01 -1.5594E-02  5.5669E-01 -1.6557E-02 -1.8785E-16  1.6010E-13  0.0000E+00  0.0000E+00
  2.2000E-01  2.6400E-02  4.2314E-01 -1.5817E-02  5.5671E-01 -1.6579E-02  3.0144E-17  4.9253E-13  0.0000E+00  0.0000E+00
  2.3000E-01  2.7600E-02  4.2313E-01 -1.6265E-02  5.5673E-01 -1.6603E-02  1.1896E-16 -2.2663E-13  0.0000E+00  0.0000E+00
  2.4000E-01  2.8800E-02  4.2312E-01 -1.6497E-02  5.5675E-01 -1.6614E-02 -1.4987E-17 -1.7436E-13  0.0000E+00  0.0000E+00
  2.5000E-01  3.0000E-02  4.2311E-01 -1.6923E-02  5.5677E-01 -1.6632E-02 -1.1240E-17  1.8557E-13  0.0000E+00  0.0000E+00
  2.6000E-01  3.1200E-02  4.2310E-01 -1.7128E-02  5.5679E-01 -1.6637E-02 -1.1853E-16 -5.0673E-13  0.0000E+00  0.0000E+00
  2.7000E-01  3.2400E-02  4.2309E-01 -1.7535E-02  5.5681E-01 -1.6649E-02 -1.5447E-16  3.9915E-13  0.0000E+00  0.0000E+00
  2.8000E-01  3.3600E-02  4.2307E-01 -1.7704E-02  5.5683E-01 -1.6651E-02  1.1240E-17  9.6853E-14  0.0000E+00  0.0000E+00
  2.9000E-01  3.4800E-02  4.2306E-01 -1.8093E-02  5.5685E-01 -1.6659E-02  3.6105E-17 -2.2428E-14  0.0000E+00  0.0000E+00
  3.0000E-01  3.6000E-02  4.2305E-01 -1.8223E-02  5.5687E-01 -1.6659E-02 -1.1751E-16 -4.3734E-13  0.0000E+00  0.0000E+00
  3.1000E-01  3.7200E-02  4.2304E-01 -1.8586E-02  5.5689E-01 -1.6664E-02 -1.3676E-16  3.7972E-13  0.0000E+00  0.0000E+00
  3.2000E-01  3.8400E-02  4.2302E-01 -1.8694E-02  5.5691E-01 -1.6665E-02 -7.7319E-17 -2.0183E-13  0.0000E+00  0.0000E+00
  3.3000E-01  3.9600E-02  4.2301E-01 -1.8989E-02  5.5693E-01 -1.6668E-02  3.2188E-17  5.2954E-13  0.0000E+00  0.0000E+00
  3.4000E-01  4.0800E-02  4.2300E-01 -1.9035E-02  5.5695E-01 -1.6668E-02  1.9568E-16 -4.0262E-14  0.0000E+00  0.0000E+00
  3.5000E-01  4.2000E-02  4.2299E-01 -1.9280E-02  5.5697E-01 -1.6670E-02 -5.7734E-17 -7.1806E-13  0.0000E+00  0.0000E+00
  3.6000E-01  4.3200E-02  4.2297E-01 -1.9276E-02  5.5699E-01 -1.6670E-02 -3.9341E-17  7.7307E-13  0.0000E+00  0.0000E+00
  3.7000E-01  4.4400E-02  4.2296E-01 -1.9461E-02  5.5701E-01 -1.6671E-02  4.5812E-17 -5.1825E-13  0.0000E+00  0.0000E+00
  3.8000E-01  4.5600E-02  4.2295E-01 -1.9418E-02  5.5703E-01 -1.6672E-02 -1.6179E-16 -1.0293E-13  0.0000E+00  0.0000E+00
  3.9000E-01  4.6800E-02  4.2293E-01 -1.9562E-02  5.5705E-01 -1.6672E-02 -1.6826E-16  8.3566E-14  0.0000E+00  0.0000E+00
  4.0000E-01  4.8000E-02  4.2292E-01 -1.9479E-02  5.5707E-01 -1.6674E-02 -3.1864E-16 -5.3348E-13  0.0000E+00  0.0000E+00
  4.1000E-01  4.9200E-02  4.2291E-01 -1.9578E-02  5.5709E-01 -1.6674E-02 -3.9545E-16  3.0367E-13  0.0000E+00  0.0000E+00
  4.2000E-01  5.0400E-02  4.2290E-01 -1.9461E-02  5.5711E-01 -1.6676E-02 -8.4642E-17  6.2617E-13  0.0000E+00  0.0000E+00
  4.3000E-01  5.1600E-02  4.2288E-01 -1.9532E-02  5.5713E-01 -1.6675E-02  1.9790E-16  2.1908E-13  0.0000E+00  0.0000E+00
  4.4000E-01  5.2800E-02  4.2287E-01 -1.9401E-02  5.5715E-01 -1.6678E-02  2.8390E-16  3.8209E-14  0.0000E+00  0.0000E+00
  4.5000E-01  5.4000E-02  4.2286E-01 -1.9453E-02  5.5717E-01 -1.6677E-02 -1.6043E-16 -1.3673E-12  0.0000E+00  0.0000E+00
  4.6000E-01  5.5200E-02  4.2284E-01 -1.9311E-02  5.5719E-01 -1.6679E-02 -2.5205E-16  1.0932E-12  0.0000E+00  0.0000E+00
  4.7000E-01  5.6400E-02  4.2283E-01 -1.9341E-02  5.5721E-01 -1.6678E-02  9.6223E-17 -5.1450E-14  0.0000E+00  0.0000E+00
  4.8000E-01  5.7600E-02  4.2282E-01 -1.9186E-02  5.5723E-01 -1.6681E-02  8.2428E-17  1.0188E-14  0.0000E+00  0.0000E+00
  4.9000E-01  5.8800E-02  4.2281E-01 -1.9205E-02  5.5725E-01 -1.6679E-02  2.5546E-17 -1.8032E-13  0.0000E+00  0.0000E+00
  5.0000E-01  6.0000E-02  4.2279E-01 -1.9051E-02  5.5727E-01 -1.6682E-02 -1.3624E-17  6.3159E-14  0.0000E+00  0.0000E+00
  5.1000E-01  6.1200E-02  4.2278E-01 -1.9062E-02  5.5729E-01 -1.6679E-02  1.3284E-17  1.7317E-14  0.0000E+00  0.0000E+00
  5.2000E-01  6.2400E-02  4.2277E-01 -1.8915E-02  5.5731E-01 -1.6682E-02  1.2620E-16  3.2036E-13  0.0000E+00  0.0000E+00
  5.3000E-01  6.3600E-02  4.2275E-01 -1.8919E-02  5.5733E-01 -1.6680E-02  1.6094E-16 -2.1645E-13  0.0000E+00  0.0000E+00
  5.4000E-01  6.4800E-02  4.2274E-01 -1.8778E-02  5.5735E-01 -1.6682E-02  5.9096E-17 -8.8105E-14  0.0000E+00  0.0000E+00
  5.5000E-01  6.6000E-02  4.2273E-01 -1.8775E-02  5.5737E-01 -1.6680E-02 -2.8271E-17 -1.7315E-13  0.0000E+00  0.0000E+00
  5.6000E-01  6.7200E-02  4.2272E-01 -1.8637E-02  5.5739E-01 -1.6681E-02 -1.2347E-16 -1.1152E-13  0.0000E+00  0.0000E+00
  5.7000E-01  6.8400E-02  4.2270E-01 -1.8630E-02  5.5741E-01 -1.6680E-02 -5.3817E-17  3.1979E-13  0.0000E+00  0.0000E+00
  5.8000E-01  6.9600E-02  4.2269E-01 -1.8502E-02  5.5743E-01 -1.6680E-02  2.8271E-17 -7.4344E-14  0.0000E+00  0.0000E+00
  5.9000E-01  7.0800E-02  4.2268E-01 -1.8499E-02  5.5745E-01 -1.6679E-02 -1.4135E-17 -5.2446E-14  0.0000E+00  0.0000E+00
  6.0000E-01  7.2000E-02  4.2267E-01 -1.8378E-02  5.5747E-01 -1.6680E-02  9.0943E-17  3.6660E-13  0.0000E+00  0.0000E+00
  6.1000E-01  7.3200E-02  4.2265E-01 -1.8372E-02  5.5749E-01 -1.6679E-02  1.7184E-16 -1.2474E-13  0.0000E+00  0.0000E+00
  6.2000E-01  7.4400E-02  4.2264E-01 -1.8255E-02  5.5751E-01 -1.6679E-02  2.8458E-16  4.6178E-13  0.0000E+00  0.0000E+00
  6.3000E-01  7.5600E-02  4.2263E-01 -1.8248E-02  5.5753E-01 -1.6679E-02  3.5321E-16 -2.5659E-13  0.0000E+00  0.0000E+00
  6.4000E-01  7.6800E-02  4.2262E-01 -1.8142E-02  5.5755E-01 -1.6679E-02 -9.9970E-17 -1.0981E-12  0.0000E+00  0.0000E+00
  6.5000E-01  7.8000E-02  4.2261E-01 -1.8139E-02  5.5757E-01 -1.6679E-02 -7.1358E-17  1.1836E-12  0.0000E+00  0.0000E+00
  6.6000E-01  7.9200E-02  4.2259E-01 -1.8039E-02  5.5759E-01 -1.6678E-02 -1.0031E-16 -1.2701E-12  0.0000E+00  0.0000E+00
  6.7000E-01  8.0400E-02  4.2258E-01 -1.8031E-02  5.5761E-01 -1.6679E-02 -4.1044E-16  3.4309E-13  0.0000E+00  0.0000E+00
  6.8000E-01  8.1600E-02  4.2257E-01 -1.7929E-02  5.5763E-01 -1.6678E-02 -6.2945E-16 -9.9768E-13  0.0000E+00  0.0000E+00
  6.9000E-01  8.2800E-02  4.2256E-01 -1.7917E-02  5.5765E-01 -1.6680E-02 -4.8673E-16  1.4242E-12  0.0000E+00  0.0000E+00
  7.0000E-01  8.4000E-02  4.2255E-01 -1.7825E-02  5.5767E-01 -1.6678E-02  9.0773E-17  3.0183E-13  0.0000E+00  0.0000E+00
  7.1000E-01  8.5200E-02  4.2253E-01 -1.7822E-02  5.5769E-01 -1.6680E-02  9.1114E-17 -3.0080E-13  0.0000E+00  0.0000E+00
  7.2000E-01  8.6400E-02  4.2252E-01 -1.7737E-02  5.5771E-01 -1.6679E-02 -1.8921E-16 -5.3694E-13  0.0000E+00  0.0000E+00
  7.3000E-01  8.7600E-02  4.2251E-01 -1.7730E-02  5.5773E-01 -1.6681E-02 -1.9704E-16  5.1351E-13  0.0000E+00  0.0000E+00
  7.4000E-01  8.8800E-02  4.2250E-01 -1.7640E-02  5.5775E-01 -1.6679E-02 -3.5713E-16 -9.9187E-13  0.0000E+00  0.0000E+00
  7.5000E-01  9.0000E-02  4.2249E-01 -1.7622E-02  5.5777E-01 -1.6682E-02 -2.1425E-16  1.4188E-12  0.0000E+00  0.0000E+00
  7.6000E-01  9.1200E-02  4.2247E-01 -1.7540E-02  5.5779E-01 -1.6681E-02 -1.9057E-16 -1.3480E-12  0.0000E+00  0.0000E+00
  7.7000E-01  9.2400E-02  4.2246E-01 -1.7532E-02  5.5781E-01 -1.6684E-02 -5.5894E-16  2.4730E-13  0.0000E+00  0.0000E+00
  7.8000E-01  9.3600E-02  4.2245E-01 -1.7450E-02  5.5783E-01 -1.6682E-02 -2.8203E-16  5.8007E-13  0.0000E+00  0.0000E+00
  7.9000E-01  9.4800E-02  4.2244E-01 -1.7439E-02  5.5785E-01 -1.6685E-02 -1.4919E-16 -1.8317E-13  0.0000E+00  0.0000E+00
  8.0000E-01  9.6000E-02  4.2243E-01 -1.7356E-02  5.5787E-01 -1.6684E-02 -1.9074E-16  5.9021E-14  0.0000E+00  0.0000E+00
  8.1000E-01  9.7200E-02  4.2242E-01 -1.7335E-02  5.5789E-01 -1.6687E-02 -1.1581E-17  4.7622E-13  0.0000E+00  0.0000E+00
  8.2000E-01  9.8400E-02  4.2240E-01 -1.7252E-02  5.5791E-01 -1.6687E-02 -2.9156E-16 -1.3126E-12  0.0000E+00  0.0000E+00
  8.3000E-01  9.9600E-02  4.2239E-01 -1.7230E-02  5.5793E-01 -1.6688E-02 -4.3803E-16  8.7504E-13  0.0000E+00  0.0000E+00
  8.4000E-01  1.0080E-01  4.2238E-01 -1.7155E-02  5.5795E-01 -1.6689E-02 -4.9218E-17  2.8641E-13  0.0000E+00  0.0000E+00
  8.5000E-01  1.0200E-01  4.2237E-01 -1.7136E-02  5.5797E-01 -1.6690E-02 -3.9596E-16 -1.3221E-12  0.0000E+00  0.0000E+00
  8.6000E-01  1.0320E-01  4.2236E-01 -1.7064E-02  5.5799E-01 -1.6690E-02 -2.2174E-16  1.8425E-12  0.0000E+00  0.0000E+00
  8.7000E-01  1.0440E-01  4.2235E-01 -1.7036E-02  5.5801E-01 -1.6691E-02  3.5935E-16 -1.0682E-13  0.0000E+00  0.0000E+00
  8.8000E-01  1.0560E-01  4.2234E-01 -1.6958E-02  5.5803E-01 -1.6692E-02  9.1284E-17 -6.9380E-13  0.0000E+00  0.0000E+00
  8.9000E-01  1.0680E-01  4.2232E-01 -1.6913E-02  5.5805E-01 -1.6693E-02  2.0386E-16  1.0300E-12  0.0000E+00  0.0000E+00
  9.0000E-01  1.0800E-01  4.2231E-01 -1.6826E-02  5.5807E-01 -1.6695E-02  1.3267E-16 -1.2426E-12  0.0000E+00  0.0000E+00
  9.1000E-01  1.0920E-01  4.2230E-01 -1.6772E-02  5.5809E-01 -1.6696E-02 -2.5018E-16  9.9177E-14  0.0000E+00  0.0000E+00
  9.2000E-01  1.1040E-01  4.2229E-01 -1.6690E-02  5.5811E-01 -1.6697E-02 -6.1838E-16 -1.1987E-12  0.0000E+00  0.0000E+00
  9.3000E-01  1.1160E-01  4.2228E-01 -1.6635E-02  5.5813E-01 -1.6698E-02 -5.3663E-16  1.4428E-12  0.0000E+00  0.0000E+00
  9.4000E-01  1.1280E-01  4.2227E-01 -1.6552E-02  5.5815E-01 -1.6700E-02  6.2162E-17  3.4530E-13  0.0000E+00  0.0000E+00
  9.5000E-01  1.1400E-01  4.2226E-01 -1.6480E-02  5.5817E-01 -1.6700E-02  2.2344E-16  1.3629E-13  0.0000E+00  0.0000E+00
  9.6000E-01  1.1520E-01  4.2225E-01 -1.6421E-02  5.5819E-01 -1.6700E-02  1.3284E-17 -7.6378E-13  0.0000E+00  0.0000E+00
  9.7000E-01  1.1640E-01  4.2224E-01 -1.6350E-02  5.5821E-01 -1.6697E-02 -1.8291E-16  1.7797E-13  0.0000E+00  0.0000E+00
  9.8000E-01  1.1760E-01  4.2222E-01 -1.6311E-02  5.5823E-01 -1.6699E-02 -1.1070E-16  3.7627E-14  0.0000E+00  0.0000E+00
  9.9000E-01  1.1880E-01  4.2221E-01 -1.6122E-02  5.5825E-01 -1.6715E-02  1.0286E-16  5.9998E-13  0.0000E+00  0.0000E+00

      S        DMerc        DShear       DCurr       DWell       Dgeod
----------------------------------------------------------------------------------------------------
  1.0000E-02 -2.5607E+06  1.4130E-04 -2.7503E-02  0.0000E+00 -2.5607E+06
  2.0000E-02 -1.3576E+04  7.7622E-05  4.0631E-03  0.0000E+00 -1.3576E+04
  3.0000E-02 -7.3727E+02  2.5028E-05  2.3550E-03  0.0000E+00 -7.3727E+02
  4.0000E-02 -9.5392E+01  8.2241E-06  1.1325E-03  0.0000E+00 -9.5394E+01
  5.0000E-02 -1.9726E+01  6.5006E-06  8.3266E-04  0.0000E+00 -1.9727E+01
  6.0000E-02 -5.5482E+00  5.3699E-06  6.3530E-04  0.0000E+00 -5.5488E+00
  7.0000E-02 -1.9606E+00  6.8520E-06  6.0717E-04  0.0000E+00 -1.9612E+00
  8.0000E-02 -8.3336E-01  6.9750E-06  5.2507E-04  0.0000E+00 -8.3389E-01
  9.0000E-02 -4.1481E-01  8.9948E-06  5.1343E-04  0.0000E+00 -4.1533E-01
  1.0000E-01 -2.3593E-01  9.8468E-06  4.6626E-04  0.0000E+00 -2.3640E-01
  1.1000E-01 -1.4993E-01  1.1935E-05  4.4635E-04  0.0000E+00 -1.5039E-01
  1.2000E-01 -1.0396E-01  1.2489E-05  4.0013E-04  0.0000E+00 -1.0437E-01
  1.3000E-01 -7.6996E-02  1.3956E-05  3.6986E-04  0.0000E+00 -7.7380E-02
  1.4000E-01 -5.9830E-02  1.4119E-05  3.2832E-04  0.0000E+00 -6.0173E-02
  1.5000E-01 -4.8189E-02  1.5167E-05  2.9882E-04  0.0000E+00 -4.8503E-02
  1.6000E-01 -3.9842E-02  1.5242E-05  2.6631E-04  0.0000E+00 -4.0124E-02
  1.7000E-01 -3.3700E-02  1.6149E-05  2.4201E-04  0.0000E+00 -3.3958E-02
  1.8000E-01 -2.9041E-02  1.6362E-05  2.1830E-04  0.0000E+00 -2.9275E-02
  1.9000E-01 -2.5503E-02  1.7353E-05  1.9973E-04  0.0000E+00 -2.5720E-02
  2.0000E-01 -2.2628E-02  1.7745E-05  1.8241E-04  0.0000E+00 -2.2829E-02
  2.1000E-01 -2.0315E-02  1.8840E-05  1.6805E-04  0.0000E+00 -2.0502E-02
  2.2000E-01 -1.8265E-02  1.9385E-05  1.5498E-04  0.0000E+00 -1.8439E-02
  2.3000E-01 -1.6386E-02  2.0500E-05  1.4337E-04  0.0000E+00 -1.6550E-02
  2.4000E-01 -1.4859E-02  2.1091E-05  1.3308E-04  0.0000E+00 -1.5013E-02
  2.5000E-01 -1.3731E-02  2.2194E-05  1.2354E-04  0.0000E+00 -1.3877E-02
  2.6000E-01 -1.2794E-02  2.2737E-05  1.1506E-04  0.0000E+00 -1.2932E-02
  2.7000E-01 -1.2183E-02  2.3831E-05  1.0697E-04  0.0000E+00 -1.2314E-02
  2.8000E-01 -1.1244E-02  2.4295E-05  9.9767E-05  0.0000E+00 -1.1368E-02
  2.9000E-01 -9.8935E-03  2.5376E-05  9.2721E-05  0.0000E+00 -1.0012E-02
  3.0000E-01 -8.8697E-03  2.5745E-05  8.6458E-05  0.0000E+00 -8.9819E-03
  3.1000E-01 -8.0439E-03  2.6781E-05  8.0188E-05  0.0000E+00 -8.1509E-03
  3.2000E-01 -7.3354E-03  2.7096E-05  7.4644E-05  0.0000E+00 -7.4371E-03
  3.3000E-01 -6.7156E-03  2.7961E-05  6.8979E-05  0.0000E+00 -6.8125E-03
  3.4000E-01 -6.1431E-03  2.8097E-05  6.4095E-05  0.0000E+00 -6.2353E-03
  3.5000E-01 -5.6328E-03  2.8827E-05  5.8962E-05  0.0000E+00 -5.7206E-03
  3.6000E-01 -5.1841E-03  2.8817E-05  5.4656E-05  0.0000E+00 -5.2675E-03
  3.7000E-01 -4.7822E-03  2.9377E-05  5.0099E-05  0.0000E+00 -4.8616E-03
  3.8000E-01 -4.4177E-03  2.9248E-05  4.6329E-05  0.0000E+00 -4.4933E-03
  3.9000E-01 -4.1039E-03  2.9685E-05  4.2297E-05  0.0000E+00 -4.1759E-03
  4.0000E-01 -3.8199E-03  2.9437E-05  3.9046E-05  0.0000E+00 -3.8884E-03
  4.1000E-01 -3.5331E-03  2.9739E-05  3.5573E-05  0.0000E+00 -3.5984E-03
  4.2000E-01 -3.3060E-03  2.9388E-05  3.2807E-05  0.0000E+00 -3.3682E-03
  4.3000E-01 -3.1015E-03  2.9604E-05  2.9832E-05  0.0000E+00 -3.1609E-03
  4.4000E-01 -2.9272E-03  2.9211E-05  2.7465E-05  0.0000E+00 -2.9838E-03
  4.5000E-01 -2.7643E-03  2.9369E-05  2.4948E-05  0.0000E+00 -2.8186E-03
  4.6000E-01 -2.6142E-03  2.8944E-05  2.2955E-05  0.0000E+00 -2.6661E-03
  4.7000E-01 -2.4723E-03  2.9035E-05  2.0877E-05  0.0000E+00 -2.5222E-03
  4.8000E-01 -2.3461E-03  2.8573E-05  1.9253E-05  0.0000E+00 -2.3939E-03
  4.9000E-01 -2.2252E-03  2.8634E-05  1.7529E-05  0.0000E+00 -2.2714E-03
  5.0000E-01 -2.1180E-03  2.8178E-05  1.6211E-05  0.0000E+00 -2.1623E-03
  5.1000E-01 -2.0193E-03  2.8212E-05  1.4777E-05  0.0000E+00 -2.0622E-03
  5.2000E-01 -1.9269E-03  2.7782E-05  1.3747E-05  0.0000E+00 -1.9684E-03
  5.3000E-01 -1.8360E-03  2.7795E-05  1.2529E-05  0.0000E+00 -1.8763E-03
  5.4000E-01 -1.7498E-03  2.7384E-05  1.1780E-05  0.0000E+00 -1.7890E-03
  5.5000E-01 -1.6638E-03  2.7377E-05  1.0755E-05  0.0000E+00 -1.7019E-03
  5.6000E-01 -1.5801E-03  2.6977E-05  1.0249E-05  0.0000E+00 -1.6173E-03
  5.7000E-01 -1.5042E-03  2.6959E-05  9.3975E-06  0.0000E+00 -1.5405E-03
  5.8000E-01 -1.4349E-03  2.6592E-05  9.0533E-06  0.0000E+00 -1.4706E-03
  5.9000E-01 -1.3715E-03  2.6584E-05  8.3281E-06  0.0000E+00 -1.4065E-03
  6.0000E-01 -1.3112E-03  2.6241E-05  8.1192E-06  0.0000E+00 -1.3456E-03
  6.1000E-01 -1.2477E-03  2.6226E-05  7.5317E-06  0.0000E+00 -1.2814E-03
  6.2000E-01 -1.1795E-03  2.5894E-05  7.4485E-06  0.0000E+00 -1.2129E-03
  6.3000E-01 -1.1168E-03  2.5877E-05  6.9786E-06  0.0000E+00 -1.1497E-03
  6.4000E-01 -1.0605E-03  2.5578E-05  6.9504E-06  0.0000E+00 -1.0930E-03
  6.5000E-01 -1.0113E-03  2.5571E-05  6.5662E-06  0.0000E+00 -1.0435E-03
  6.6000E-01 -9.6958E-04  2.5291E-05  6.5931E-06  0.0000E+00 -1.0015E-03
  6.7000E-01 -9.2727E-04  2.5271E-05  6.3245E-06  0.0000E+00 -9.5887E-04
  6.8000E-01 -8.7256E-04  2.4988E-05  6.4284E-06  0.0000E+00 -9.0398E-04
  6.9000E-01 -8.1884E-04  2.4958E-05  6.2563E-06  0.0000E+00 -8.5005E-04
  7.0000E-01 -7.7256E-04  2.4704E-05  6.3533E-06  0.0000E+00 -8.0361E-04
  7.1000E-01 -7.2996E-04  2.4697E-05  6.2118E-06  0.0000E+00 -7.6087E-04
  7.2000E-01 -6.8506E-04  2.4463E-05  6.3098E-06  0.0000E+00 -7.1584E-04
  7.3000E-01 -6.4369E-04  2.4446E-05  6.2402E-06  0.0000E+00 -6.7438E-04
  7.4000E-01 -6.0510E-04  2.4201E-05  6.3888E-06  0.0000E+00 -6.3569E-04
  7.5000E-01 -5.7426E-04  2.4153E-05  6.4325E-06  0.0000E+00 -6.0485E-04
  7.6000E-01 -5.4201E-04  2.3930E-05  6.5520E-06  0.0000E+00 -5.7250E-04
  7.7000E-01 -5.1239E-04  2.3909E-05  6.5646E-06  0.0000E+00 -5.4287E-04
  7.8000E-01 -4.8259E-04  2.3688E-05  6.7182E-06  0.0000E+00 -5.1299E-04
  7.9000E-01 -4.5658E-04  2.3660E-05  6.7496E-06  0.0000E+00 -4.8699E-04
  8.0000E-01 -4.2766E-04  2.3438E-05  6.9315E-06  0.0000E+00 -4.5803E-04
  8.1000E-01 -4.0052E-04  2.3382E-05  7.0144E-06  0.0000E+00 -4.3092E-04
  8.2000E-01 -3.7246E-04  2.3161E-05  7.2084E-06  0.0000E+00 -4.0283E-04
  8.3000E-01 -3.4667E-04  2.3102E-05  7.2923E-06  0.0000E+00 -3.7706E-04
  8.4000E-01 -3.2282E-04  2.2904E-05  7.4520E-06  0.0000E+00 -3.5318E-04
  8.5000E-01 -3.0064E-04  2.2856E-05  7.5069E-06  0.0000E+00 -3.3100E-04
  8.6000E-01 -2.7864E-04  2.2665E-05  7.6595E-06  0.0000E+00 -3.0897E-04
  8.7000E-01 -2.5842E-04  2.2592E-05  7.7394E-06  0.0000E+00 -2.8876E-04
  8.8000E-01 -2.3922E-04  2.2388E-05  7.9213E-06  0.0000E+00 -2.6952E-04
  8.9000E-01 -2.2058E-04  2.2269E-05  8.0500E-06  0.0000E+00 -2.5090E-04
  9.0000E-01 -2.0292E-04  2.2043E-05  8.2741E-06  0.0000E+00 -2.3324E-04
  9.1000E-01 -1.8639E-04  2.1904E-05  8.3977E-06  0.0000E+00 -2.1669E-04
  9.2000E-01 -1.7347E-04  2.1691E-05  8.5963E-06  0.0000E+00 -2.0376E-04
  9.3000E-01 -1.6298E-04  2.1551E-05  8.6726E-06  0.0000E+00 -1.9320E-04
  9.4000E-01 -1.5546E-04  2.1338E-05  8.8614E-06  0.0000E+00 -1.8566E-04
  9.5000E-01 -1.2864E-04  2.1154E-05  8.9585E-06  0.0000E+00 -1.5875E-04
  9.6000E-01 -1.1160E-04  2.1003E-05  9.0126E-06  0.0000E+00 -1.4162E-04
  9.7000E-01 -9.2791E-05  2.0824E-05  9.1121E-06  0.0000E+00 -1.2273E-04
  9.8000E-01 -7.0786E-05  2.0727E-05  8.9471E-06  0.0000E+00 -1.0046E-04
  9.9000E-01 -4.6409E-05  2.0250E-05  9.5329E-06  0.0000E+00 -7.6193E-05
